DL n=80
format=fullmatrix
labels:
좋다, 사랑, 미치다, 뮤비, 축하, 원빈, 예쁘다, 데뷔, 아니다, 이쁘다, 없다, 최고, 리즈, 레이, 파트, 원영, 유진, 멋지다, 페임, 컴백, 중독, 기타, 앤톤, 소희, 이브, 응원, 장원영, 성찬, 멋있다, 많다, 컨셉, 어떻다, 브리, 이렇다, 그렇다, 좋아하다, 이서, 그룹, 가을, 멤버, 잘생기다, 부분, 쇼타, 라브뜨, 신곡, 목소리, 은석, 얼굴, 아이엠, 행복하다, 스타, 스밍, 안유진, 타로, 귀엽다, 장르, 레전드, 새롭다, 비트, 매일, 다이브, 시작, 힙합, 보컬, 이다, 고맙다, 활동, 순이, 머리, 기대, 다른, 가사, 앨범, 아름답다, 언니, 매력, 모든, 고음, 갤럭시, 메인
data:
0.000000 0.030054 0.038714 0.058682 0.016840 0.021508 0.023465 0.030137 0.069332 0.013148 0.041036 0.014655 0.022750 0.013475 0.039245 0.013958 0.013884 0.009425 0.039818 0.030607 0.031541 0.038789 0.035112 0.032288 0.014793 0.027216 0.014196 0.022988 0.016522 0.038403 0.039544 0.029027 0.009502 0.036049 0.030110 0.022132 0.010560 0.019309 0.009580 0.041338 0.010007 0.043528 0.012643 0.010478 0.041787 0.052719 0.016699 0.014568 0.022630 0.012594 0.015069 0.007171 0.007979 0.010357 0.005313 0.028564 0.005662 0.037656 0.044381 0.010369 0.011290 0.020203 0.012382 0.036518 0.021128 0.026320 0.014962 0.000000 0.024727 0.018165 0.028468 0.036243 0.028726 0.019054 0.012443 0.013544 0.017742 0.017547 0.011342 0.002753
0.030054 0.000000 0.019611 0.006824 0.020552 0.025398 0.023211 0.020423 0.013038 0.016783 0.013000 0.020717 0.032924 0.020809 0.007084 0.022940 0.012893 0.009826 0.009311 0.026515 0.003908 0.003292 0.019443 0.014049 0.018833 0.032019 0.020860 0.020543 0.009215 0.023684 0.009802 0.013981 0.013438 0.008242 0.011394 0.004455 0.006492 0.005739 0.014374 0.010798 0.008849 0.002727 0.029477 0.017175 0.009698 0.011056 0.019608 0.018101 0.000000 0.031273 0.011280 0.003103 0.023797 0.008878 0.009191 0.010655 0.004702 0.016424 0.002051 0.006041 0.004214 0.005094 0.000000 0.001025 0.010830 0.013961 0.012924 0.000000 0.006737 0.003440 0.007275 0.001945 0.013997 0.017244 0.017432 0.006234 0.025171 0.001249 0.000000 0.000000
0.038714 0.019611 0.000000 0.044277 0.004272 0.046473 0.022394 0.008170 0.032012 0.020028 0.021933 0.007751 0.029889 0.035900 0.029274 0.022441 0.014564 0.001007 0.009208 0.016285 0.026521 0.016663 0.075384 0.019238 0.010310 0.002535 0.012046 0.010436 0.003972 0.003335 0.026869 0.015634 0.002682 0.005337 0.004612 0.000000 0.023931 0.007303 0.033165 0.014127 0.018917 0.004131 0.024768 0.001407 0.030774 0.016214 0.010459 0.040904 0.001911 0.000000 0.011864 0.003963 0.022226 0.026060 0.005169 0.003183 0.028152 0.007791 0.030344 0.000501 0.002491 0.003434 0.000000 0.035202 0.000239 0.000000 0.006190 0.000000 0.009855 0.007507 0.000000 0.008204 0.007967 0.004657 0.002278 0.004704 0.000281 0.047747 0.004790 0.000000
0.058682 0.006824 0.044277 0.000000 0.000837 0.012072 0.021672 0.000478 0.054880 0.026307 0.045397 0.013423 0.006715 0.007519 0.002502 0.012005 0.008464 0.032360 0.031309 0.006849 0.007689 0.020842 0.002455 0.002587 0.010186 0.005640 0.014465 0.003901 0.030171 0.023684 0.035859 0.017532 0.011768 0.019527 0.037143 0.006166 0.003180 0.011418 0.004265 0.029766 0.000762 0.008661 0.008941 0.001293 0.000000 0.002570 0.008497 0.019433 0.007811 0.005825 0.024150 0.036627 0.014882 0.002030 0.000000 0.000000 0.017791 0.007613 0.021442 0.003025 0.009930 0.008075 0.003047 0.002763 0.006687 0.000000 0.007461 0.000000 0.012707 0.006327 0.002549 0.020537 0.007643 0.007226 0.003154 0.003488 0.016824 0.000950 0.007329 0.000000
0.016840 0.020552 0.004272 0.000837 0.000000 0.017897 0.000000 0.479904 0.000740 0.000340 0.000000 0.008595 0.002967 0.000000 0.000753 0.004754 0.003686 0.017945 0.000000 0.054280 0.000000 0.008294 0.010190 0.011878 0.034957 0.031939 0.007977 0.045747 0.014809 0.023563 0.000000 0.002749 0.005358 0.001357 0.002647 0.001025 0.000000 0.007629 0.000000 0.007718 0.018791 0.003061 0.020727 0.000000 0.001467 0.000000 0.009745 0.002415 0.020069 0.033866 0.000000 0.000000 0.004672 0.051447 0.000000 0.000000 0.000000 0.007682 0.001342 0.000000 0.004418 0.008679 0.000000 0.000000 0.002717 0.005805 0.008276 0.000000 0.002581 0.000000 0.001966 0.000000 0.001493 0.000000 0.010870 0.002887 0.008176 0.002260 0.000000 0.000000
0.021508 0.025398 0.046473 0.012072 0.017897 0.000000 0.008062 0.024696 0.017247 0.006988 0.012612 0.018756 0.000000 0.000000 0.016912 0.000000 0.000000 0.013903 0.006376 0.000837 0.000000 0.061067 0.041163 0.048171 0.000000 0.019760 0.005239 0.043517 0.052530 0.007356 0.002574 0.014385 0.001166 0.018673 0.001718 0.002647 0.001867 0.010793 0.000000 0.019402 0.114135 0.018033 0.041692 0.001299 0.000000 0.024501 0.027722 0.100655 0.000000 0.007969 0.003115 0.000000 0.000000 0.023219 0.008312 0.003233 0.010913 0.001527 0.004265 0.000716 0.000000 0.033885 0.000000 0.034183 0.005448 0.019706 0.000000 0.000000 0.058949 0.000000 0.007543 0.001227 0.001510 0.007424 0.000000 0.015812 0.000000 0.000610 0.000000 0.006085
0.023465 0.023211 0.022394 0.021672 0.000000 0.008062 0.000000 0.000000 0.015510 0.002732 0.014773 0.008259 0.072975 0.038354 0.006505 0.061420 0.024542 0.000000 0.000000 0.004153 0.000559 0.005091 0.000000 0.013057 0.018341 0.004450 0.053002 0.003129 0.012909 0.013515 0.014824 0.009939 0.000000 0.001209 0.005439 0.010804 0.048350 0.003576 0.037144 0.035409 0.000000 0.004100 0.009909 0.000000 0.017653 0.022999 0.000000 0.019729 0.001419 0.003806 0.010958 0.000000 0.036428 0.000000 0.004230 0.007204 0.002530 0.002797 0.000845 0.000000 0.005114 0.000000 0.000000 0.000472 0.010575 0.003786 0.004611 0.007471 0.012056 0.000000 0.014869 0.008539 0.006806 0.012613 0.026192 0.007137 0.008614 0.001150 0.000000 0.000000
0.030137 0.020423 0.008170 0.000478 0.479904 0.024696 0.000000 0.000000 0.009799 0.000382 0.010180 0.018113 0.006770 0.000000 0.000000 0.000000 0.000000 0.007906 0.000000 0.003236 0.011437 0.027726 0.013205 0.019182 0.000000 0.044223 0.000000 0.048184 0.010965 0.023090 0.001070 0.021955 0.000000 0.011871 0.016969 0.008600 0.000000 0.020415 0.000000 0.011941 0.019836 0.000272 0.030145 0.000000 0.000000 0.000000 0.009660 0.003154 0.000000 0.042913 0.003464 0.000000 0.000000 0.027788 0.000000 0.000000 0.008570 0.005695 0.013423 0.000481 0.000000 0.009758 0.000000 0.000000 0.003055 0.046205 0.008851 0.000000 0.015639 0.013836 0.004381 0.000000 0.017007 0.012224 0.000000 0.008725 0.009794 0.000000 0.000000 0.000000
0.069332 0.013038 0.032012 0.054880 0.000740 0.017247 0.015510 0.009799 0.000000 0.011098 0.054303 0.001756 0.005245 0.016432 0.032034 0.004907 0.011619 0.024240 0.026887 0.012222 0.024423 0.012817 0.008695 0.014285 0.000000 0.007868 0.019141 0.004253 0.005673 0.010645 0.072308 0.019940 0.012374 0.033925 0.058603 0.042996 0.007615 0.015847 0.004176 0.031298 0.016463 0.014093 0.011187 0.000000 0.007496 0.011115 0.033276 0.029606 0.001272 0.002572 0.015671 0.012415 0.006759 0.019834 0.011784 0.018476 0.016804 0.012236 0.038638 0.000718 0.003084 0.002843 0.003953 0.024040 0.014407 0.004782 0.008459 0.000000 0.024021 0.008206 0.019016 0.027810 0.014391 0.000000 0.000406 0.034898 0.021148 0.015972 0.000000 0.003371
0.013148 0.016783 0.020028 0.026307 0.000340 0.006988 0.002732 0.000382 0.011098 0.000000 0.028442 0.000000 0.056551 0.051506 0.001904 0.046625 0.037022 0.002663 0.000000 0.006137 0.000000 0.000000 0.006584 0.001937 0.016380 0.004714 0.051652 0.009975 0.004196 0.001587 0.015626 0.000000 0.000000 0.000000 0.003358 0.000000 0.039349 0.006017 0.034694 0.010767 0.000000 0.007001 0.002399 0.001707 0.009858 0.000000 0.000000 0.013852 0.001131 0.002814 0.006745 0.001968 0.011269 0.000000 0.020143 0.000000 0.001867 0.000000 0.000000 0.007034 0.005239 0.000000 0.000000 0.000515 0.000000 0.000000 0.011422 0.000000 0.003788 0.014439 0.004729 0.004109 0.010943 0.003250 0.023851 0.001528 0.006953 0.001577 0.000000 0.012943
0.041036 0.013000 0.021933 0.045397 0.000000 0.012612 0.014773 0.010180 0.054303 0.028442 0.000000 0.006602 0.016450 0.020769 0.063037 0.028767 0.012685 0.001267 0.023614 0.005907 0.014819 0.005033 0.012434 0.027356 0.005201 0.026419 0.002495 0.011143 0.004877 0.021678 0.011752 0.029000 0.007264 0.021238 0.071504 0.031123 0.006883 0.033652 0.037407 0.071946 0.014631 0.023536 0.011161 0.000000 0.003293 0.014644 0.028535 0.021054 0.002414 0.008520 0.014967 0.004563 0.004673 0.001365 0.008975 0.033497 0.024981 0.015972 0.010737 0.002642 0.008499 0.004747 0.004176 0.022578 0.029321 0.006371 0.004940 0.000000 0.017610 0.001470 0.066164 0.025756 0.017504 0.030378 0.002334 0.023796 0.028102 0.000806 0.015445 0.020368
0.014655 0.020717 0.007751 0.013423 0.008595 0.018756 0.008259 0.018113 0.001756 0.000000 0.006602 0.000000 0.028451 0.005197 0.005747 0.014184 0.010261 0.011994 0.015815 0.017557 0.018700 0.012278 0.011207 0.008396 0.007895 0.003163 0.019528 0.011724 0.007093 0.012534 0.000000 0.005184 0.005750 0.004509 0.000000 0.009115 0.000833 0.019416 0.005173 0.002888 0.000773 0.003496 0.001508 0.002993 0.007442 0.006387 0.027081 0.000000 0.026226 0.008867 0.000000 0.000000 0.017813 0.003342 0.005386 0.000748 0.011763 0.006092 0.000767 0.000000 0.000000 0.000000 0.000000 0.001956 0.019264 0.004934 0.004353 0.000000 0.001975 0.000000 0.000000 0.015646 0.010352 0.000145 0.005578 0.009133 0.002338 0.000000 0.000000 0.000000
0.022750 0.032924 0.029889 0.006715 0.002967 0.000000 0.072975 0.006770 0.005245 0.056551 0.016450 0.028451 0.000000 0.041024 0.164114 0.030202 0.052079 0.003094 0.002827 0.005725 0.001255 0.000000 0.001924 0.000000 0.006607 0.004627 0.024797 0.000000 0.004027 0.035597 0.008484 0.012831 0.000000 0.003374 0.010769 0.002016 0.062919 0.009733 0.063018 0.010585 0.000000 0.021392 0.000000 0.000000 0.018915 0.055181 0.000000 0.010148 0.000000 0.017073 0.029340 0.007533 0.029842 0.000000 0.011355 0.000000 0.012224 0.002794 0.003049 0.002712 0.002906 0.002964 0.000000 0.022165 0.002437 0.007316 0.003213 0.000000 0.007416 0.003453 0.001410 0.000442 0.006462 0.003627 0.004619 0.010205 0.007230 0.081629 0.000524 0.000000
0.013475 0.020809 0.035900 0.007519 0.000000 0.000000 0.038354 0.000000 0.016432 0.051506 0.020769 0.005197 0.041024 0.000000 0.045911 0.042239 0.036614 0.005018 0.000000 0.011177 0.001302 0.000000 0.000000 0.000000 0.002389 0.017058 0.009299 0.000000 0.000000 0.004121 0.015935 0.007880 0.000000 0.000916 0.015724 0.002369 0.077244 0.003280 0.053874 0.001130 0.000000 0.008440 0.000000 0.000000 0.025426 0.018593 0.000000 0.000558 0.000000 0.000000 0.006409 0.000000 0.016687 0.000000 0.039941 0.000000 0.031823 0.003109 0.004982 0.000000 0.007855 0.000000 0.006400 0.002795 0.002745 0.007788 0.025080 0.011315 0.043056 0.000000 0.002737 0.003968 0.000000 0.001562 0.022776 0.004496 0.000765 0.013892 0.002353 0.000000
0.039245 0.007084 0.029274 0.002502 0.000753 0.016912 0.006505 0.000000 0.032034 0.001904 0.063037 0.005747 0.164114 0.045911 0.000000 0.027478 0.016013 0.006078 0.020133 0.011220 0.015226 0.000672 0.075810 0.056850 0.000000 0.000774 0.037097 0.030050 0.012009 0.077216 0.018595 0.005413 0.001090 0.003946 0.013314 0.007551 0.071311 0.000000 0.079694 0.027960 0.000000 0.032708 0.027012 0.000000 0.005300 0.042076 0.078059 0.000222 0.000000 0.013393 0.040663 0.000000 0.037727 0.048408 0.000000 0.000609 0.022006 0.007778 0.011694 0.000000 0.005532 0.004852 0.004970 0.025138 0.003854 0.000000 0.007075 0.001823 0.015587 0.006630 0.013740 0.014111 0.011448 0.000000 0.000278 0.011854 0.027887 0.068852 0.001300 0.015319
0.013958 0.022940 0.022441 0.012005 0.004754 0.000000 0.061420 0.000000 0.004907 0.046625 0.028767 0.014184 0.030202 0.042239 0.027478 0.000000 0.035799 0.008167 0.000000 0.007398 0.000691 0.000000 0.000000 0.000000 0.002770 0.000750 0.003115 0.000000 0.000000 0.007351 0.011752 0.005319 0.000000 0.005022 0.007243 0.000938 0.032260 0.009015 0.039287 0.024082 0.000000 0.010633 0.000000 0.000000 0.006883 0.026791 0.000000 0.007294 0.003035 0.009013 0.021661 0.000000 0.011642 0.000000 0.021088 0.000000 0.028443 0.008587 0.000000 0.000000 0.013057 0.000000 0.000000 0.001665 0.009774 0.000000 0.000000 0.000000 0.048983 0.002275 0.011361 0.000000 0.000989 0.028352 0.016646 0.013026 0.000000 0.017082 0.000630 0.000000
0.013884 0.012893 0.014564 0.008464 0.003686 0.000000 0.024542 0.000000 0.011619 0.037022 0.012685 0.010261 0.052079 0.036614 0.016013 0.035799 0.000000 0.016690 0.000000 0.009886 0.013450 0.000000 0.000000 0.000000 0.000000 0.000780 0.003037 0.000000 0.013674 0.000770 0.016567 0.003810 0.000000 0.000368 0.004727 0.000974 0.053332 0.005473 0.040140 0.014956 0.000000 0.020363 0.000000 0.000000 0.006544 0.028277 0.000000 0.002510 0.000000 0.000000 0.000658 0.000000 0.012815 0.000000 0.038132 0.000000 0.004934 0.009669 0.003501 0.004618 0.006379 0.003704 0.000000 0.028474 0.008196 0.002454 0.000000 0.000000 0.007438 0.000000 0.008359 0.005807 0.000000 0.000000 0.031503 0.012138 0.000307 0.131463 0.000655 0.000000
0.009425 0.009826 0.001007 0.032360 0.017945 0.013903 0.000000 0.007906 0.024240 0.002663 0.001267 0.011994 0.003094 0.005018 0.006078 0.008167 0.016690 0.000000 0.002117 0.009638 0.010548 0.006157 0.007570 0.006733 0.020079 0.008229 0.012435 0.004481 0.003231 0.019195 0.006524 0.022320 0.012101 0.013371 0.014058 0.002285 0.013542 0.024657 0.007105 0.020938 0.011115 0.010362 0.031463 0.002443 0.011193 0.016830 0.000987 0.009052 0.004205 0.006915 0.000000 0.000000 0.010639 0.014765 0.002608 0.015583 0.004347 0.019961 0.009974 0.018120 0.001702 0.000000 0.000000 0.005222 0.017212 0.009179 0.000000 0.000000 0.000000 0.004956 0.003306 0.035301 0.013413 0.000000 0.003803 0.005709 0.015055 0.020546 0.008108 0.000000
0.039818 0.009311 0.009208 0.031309 0.000000 0.006376 0.000000 0.000000 0.026887 0.000000 0.023614 0.015815 0.002827 0.000000 0.020133 0.000000 0.000000 0.002117 0.000000 0.003968 0.067543 0.000000 0.006552 0.005948 0.000000 0.003411 0.000000 0.003281 0.000000 0.040107 0.011835 0.001052 0.016095 0.016480 0.002185 0.009137 0.000000 0.008759 0.000000 0.012226 0.000000 0.003963 0.003527 0.029926 0.000000 0.013288 0.011365 0.003253 0.000000 0.006339 0.000000 0.025044 0.000000 0.006383 0.000000 0.013522 0.000000 0.006171 0.018204 0.000000 0.000000 0.070645 0.013265 0.003988 0.007521 0.005774 0.005511 0.000000 0.000000 0.010299 0.007706 0.009037 0.000000 0.000000 0.000000 0.000000 0.012025 0.000000 0.000000 0.000000
0.030607 0.026515 0.016285 0.006849 0.054280 0.000837 0.004153 0.003236 0.012222 0.006137 0.005907 0.017557 0.005725 0.011177 0.011220 0.007398 0.009886 0.009638 0.003968 0.000000 0.006909 0.007274 0.000000 0.000000 0.051825 0.015791 0.000000 0.002598 0.001516 0.006080 0.032958 0.003948 0.012891 0.016017 0.006069 0.001982 0.000940 0.014967 0.001392 0.011426 0.000000 0.017644 0.000000 0.011639 0.011875 0.002530 0.004639 0.006591 0.002276 0.020769 0.024879 0.009154 0.000000 0.008777 0.009917 0.023774 0.022507 0.020453 0.006426 0.000697 0.024488 0.000000 0.000000 0.002792 0.011717 0.044877 0.037500 0.002905 0.011060 0.024317 0.000000 0.006747 0.005126 0.000000 0.016212 0.002958 0.013700 0.003118 0.000000 0.000000
0.031541 0.003908 0.026521 0.007689 0.000000 0.000000 0.000559 0.011437 0.024423 0.000000 0.014819 0.018700 0.001255 0.001302 0.015226 0.000691 0.013450 0.010548 0.067543 0.006909 0.000000 0.000000 0.000425 0.000427 0.006365 0.014169 0.000000 0.005645 0.000000 0.006107 0.000871 0.002625 0.001719 0.000000 0.012648 0.004076 0.002076 0.006523 0.002147 0.006364 0.000000 0.007482 0.000000 0.001915 0.011502 0.000000 0.000576 0.000000 0.005487 0.006369 0.001049 0.004525 0.000000 0.001264 0.000000 0.000654 0.009976 0.010453 0.023871 0.008609 0.001239 0.008967 0.000000 0.001848 0.006173 0.000000 0.006817 0.000000 0.009321 0.004776 0.007272 0.001592 0.000000 0.000000 0.000000 0.002784 0.000000 0.037994 0.000000 0.000000
0.038789 0.003292 0.016663 0.020842 0.008294 0.061067 0.005091 0.027726 0.012817 0.000000 0.005033 0.012278 0.000000 0.000000 0.000672 0.000000 0.000000 0.006157 0.000000 0.007274 0.000000 0.000000 0.041981 0.002162 0.000000 0.006410 0.000000 0.004540 0.027137 0.010676 0.000000 0.030780 0.001691 0.004561 0.026137 0.028920 0.000000 0.005836 0.000000 0.011148 0.021088 0.013554 0.001733 0.000000 0.000000 0.016764 0.000000 0.000000 0.000000 0.000000 0.009213 0.005543 0.000000 0.000000 0.000000 0.005351 0.006218 0.002978 0.011059 0.012767 0.000000 0.017406 0.000000 0.021618 0.005984 0.000000 0.028908 0.000000 0.011244 0.013402 0.015027 0.003950 0.004525 0.000000 0.000000 0.013251 0.000000 0.000000 0.000000 0.000000
0.035112 0.019443 0.075384 0.002455 0.010190 0.041163 0.000000 0.013205 0.008695 0.006584 0.012434 0.011207 0.001924 0.000000 0.075810 0.000000 0.000000 0.007570 0.006552 0.000000 0.000425 0.041981 0.000000 0.074099 0.000000 0.006584 0.000000 0.030857 0.007483 0.007861 0.001503 0.021701 0.000000 0.000000 0.006492 0.000357 0.000000 0.000000 0.000000 0.022324 0.012412 0.046302 0.023652 0.002671 0.000000 0.053104 0.027831 0.018495 0.000000 0.000000 0.000000 0.003078 0.000000 0.014218 0.003637 0.005752 0.000000 0.001396 0.001068 0.000000 0.000000 0.031192 0.000000 0.089629 0.017817 0.003092 0.006074 0.000000 0.007510 0.000000 0.000000 0.001052 0.016478 0.005672 0.000000 0.016712 0.008915 0.001047 0.000000 0.000000
0.032288 0.014049 0.019238 0.002587 0.011878 0.048171 0.013057 0.019182 0.014285 0.001937 0.027356 0.008396 0.000000 0.000000 0.056850 0.000000 0.000000 0.006733 0.005948 0.000000 0.000427 0.002162 0.074099 0.000000 0.000000 0.015851 0.000000 0.056898 0.016138 0.009480 0.000000 0.014441 0.002010 0.015251 0.007277 0.006468 0.003218 0.000000 0.000000 0.005300 0.003296 0.042946 0.078428 0.002239 0.000000 0.133616 0.045423 0.012302 0.000000 0.000000 0.000000 0.000000 0.000000 0.024550 0.060190 0.000691 0.000000 0.001403 0.001073 0.001234 0.000000 0.006207 0.000000 0.103249 0.001001 0.006209 0.001286 0.000000 0.007025 0.000000 0.005716 0.006374 0.011954 0.001108 0.000000 0.013215 0.008083 0.005684 0.000000 0.010736
0.014793 0.018833 0.010310 0.010186 0.034957 0.000000 0.018341 0.000000 0.000000 0.016380 0.005201 0.007895 0.006607 0.002389 0.000000 0.002770 0.000000 0.020079 0.000000 0.051825 0.006365 0.000000 0.000000 0.000000 0.000000 0.011758 0.000000 0.000000 0.000000 0.021932 0.005093 0.000000 0.000000 0.008306 0.000000 0.005262 0.003809 0.000000 0.000000 0.011002 0.000000 0.000000 0.000000 0.000000 0.013604 0.000000 0.000000 0.000000 0.013633 0.035864 0.000000 0.000000 0.000000 0.000000 0.000000 0.000000 0.005799 0.000000 0.000000 0.014810 0.004317 0.000000 0.000000 0.000000 0.004505 0.012341 0.031932 0.000000 0.000000 0.038371 0.008174 0.000000 0.000000 0.006723 0.006502 0.000000 0.015697 0.000000 0.000000 0.000000
0.027216 0.032019 0.002535 0.005640 0.031939 0.019760 0.004450 0.044223 0.007868 0.004714 0.026419 0.003163 0.004627 0.017058 0.000774 0.000750 0.000780 0.008229 0.003411 0.015791 0.014169 0.006410 0.006584 0.015851 0.011758 0.000000 0.001144 0.035956 0.005420 0.015666 0.011595 0.040272 0.020367 0.004072 0.020846 0.013891 0.001032 0.038059 0.001067 0.026846 0.000000 0.005942 0.019246 0.000000 0.015173 0.012374 0.000000 0.007523 0.002497 0.047490 0.000000 0.008995 0.001615 0.019826 0.000000 0.014550 0.004824 0.014780 0.002951 0.001924 0.019213 0.008500 0.000000 0.000000 0.028354 0.033347 0.033620 0.000000 0.000000 0.016635 0.000000 0.007371 0.014370 0.021009 0.004391 0.012098 0.038632 0.003421 0.000000 0.000000
0.014196 0.020860 0.012046 0.014465 0.007977 0.005239 0.053002 0.000000 0.019141 0.051652 0.002495 0.019528 0.024797 0.009299 0.037097 0.003115 0.003037 0.012435 0.000000 0.000000 0.000000 0.000000 0.000000 0.000000 0.000000 0.001144 0.000000 0.000000 0.005042 0.005011 0.000000 0.004070 0.000000 0.004092 0.010659 0.001055 0.012086 0.006680 0.019957 0.009700 0.000000 0.000000 0.000000 0.000000 0.000000 0.011751 0.000000 0.009900 0.009153 0.008939 0.002856 0.000000 0.064133 0.000000 0.014392 0.000000 0.016716 0.000000 0.003750 0.000000 0.000000 0.000000 0.000000 0.002364 0.003561 0.004656 0.000000 0.000000 0.002043 0.000000 0.007625 0.011531 0.002338 0.002141 0.000000 0.002969 0.000000 0.003592 0.002479 0.000000
0.022988 0.020543 0.010436 0.003901 0.045747 0.043517 0.003129 0.048184 0.004253 0.009975 0.011143 0.011724 0.000000 0.000000 0.030050 0.000000 0.000000 0.004481 0.003281 0.002598 0.005645 0.004540 0.030857 0.056898 0.000000 0.035956 0.000000 0.000000 0.033440 0.016942 0.000000 0.011144 0.003127 0.000000 0.002988 0.005071 0.000000 0.011314 0.000000 0.008414 0.033297 0.052282 0.099293 0.000000 0.000000 0.019520 0.048535 0.003521 0.000000 0.048262 0.000000 0.000000 0.000000 0.063991 0.002529 0.000721 0.004390 0.010837 0.000000 0.001287 0.000000 0.001371 0.000000 0.000000 0.000522 0.003239 0.000000 0.000000 0.071727 0.006769 0.005398 0.001102 0.000000 0.000578 0.000000 0.002900 0.000000 0.005927 0.000000 0.022855
0.016522 0.009215 0.003972 0.030171 0.014809 0.052530 0.012909 0.010965 0.005673 0.004196 0.004877 0.007093 0.004027 0.000000 0.012009 0.000000 0.013674 0.003231 0.000000 0.001516 0.000000 0.027137 0.007483 0.016138 0.000000 0.005420 0.005042 0.033440 0.000000 0.011107 0.008331 0.000876 0.009300 0.018973 0.005742 0.008169 0.003387 0.000000 0.006240 0.008605 0.011113 0.000000 0.016053 0.005612 0.000000 0.019632 0.016486 0.005162 0.000000 0.008386 0.000000 0.004726 0.011222 0.020301 0.014986 0.001200 0.000000 0.022706 0.005127 0.000000 0.000000 0.000000 0.011619 0.013020 0.000000 0.008390 0.011020 0.000000 0.002542 0.000000 0.006447 0.005118 0.015392 0.005410 0.000000 0.005334 0.013468 0.000000 0.000000 0.011290
0.038403 0.023684 0.003335 0.023684 0.023563 0.007356 0.013515 0.023090 0.010645 0.001587 0.021678 0.012534 0.035597 0.004121 0.077216 0.007351 0.000770 0.019195 0.040107 0.006080 0.006107 0.010676 0.007861 0.009480 0.021932 0.015666 0.005011 0.016942 0.011107 0.000000 0.006669 0.009248 0.002757 0.026614 0.011042 0.013729 0.007669 0.045165 0.007554 0.045412 0.003566 0.012639 0.017831 0.019031 0.010573 0.007140 0.010952 0.000000 0.000000 0.025478 0.006696 0.010609 0.003553 0.009276 0.000000 0.005523 0.000000 0.005911 0.003164 0.009839 0.013833 0.015924 0.006214 0.005029 0.017050 0.010544 0.011134 0.001140 0.001148 0.008403 0.014859 0.024284 0.012889 0.004029 0.005415 0.016459 0.005939 0.008612 0.000813 0.018364
0.039544 0.009802 0.026869 0.035859 0.000000 0.002574 0.014824 0.001070 0.072308 0.015626 0.011752 0.000000 0.008484 0.015935 0.018595 0.011752 0.016567 0.006524 0.011835 0.032958 0.000871 0.000000 0.001503 0.000000 0.005093 0.011595 0.000000 0.000000 0.008331 0.006669 0.000000 0.032316 0.015633 0.043823 0.015719 0.010368 0.009591 0.031421 0.006333 0.012518 0.005503 0.001864 0.008173 0.008705 0.007931 0.001116 0.003279 0.008779 0.001099 0.007114 0.018633 0.004996 0.000000 0.005832 0.000000 0.006708 0.005702 0.011420 0.022798 0.001242 0.000000 0.000000 0.000000 0.009244 0.005712 0.006006 0.016885 0.000000 0.007000 0.014838 0.018338 0.000692 0.016325 0.000000 0.000702 0.010548 0.042605 0.004622 0.000821 0.000000
0.029027 0.013981 0.015634 0.017532 0.002749 0.014385 0.009939 0.021955 0.019940 0.000000 0.029000 0.005184 0.012831 0.007880 0.005413 0.005319 0.003810 0.022320 0.001052 0.003948 0.002625 0.030780 0.021701 0.014441 0.000000 0.040272 0.004070 0.011144 0.000876 0.009248 0.032316 0.000000 0.000000 0.033494 0.017706 0.040202 0.000000 0.028040 0.008528 0.006037 0.012855 0.004031 0.004736 0.015928 0.000000 0.008345 0.000000 0.007856 0.000000 0.014938 0.006398 0.000000 0.000000 0.011505 0.003277 0.066418 0.027779 0.014401 0.005705 0.014947 0.000000 0.007520 0.002980 0.000000 0.003290 0.004062 0.014690 0.000000 0.019392 0.042953 0.005403 0.022967 0.016917 0.019712 0.000705 0.016621 0.022958 0.009733 0.000000 0.000000
0.009502 0.013438 0.002682 0.011768 0.005358 0.001166 0.000000 0.000000 0.012374 0.000000 0.007264 0.005750 0.000000 0.000000 0.001090 0.000000 0.000000 0.012101 0.016095 0.012891 0.001719 0.001691 0.000000 0.002010 0.000000 0.020367 0.000000 0.003127 0.009300 0.002757 0.015633 0.000000 0.000000 0.002212 0.012086 0.004941 0.000000 0.004316 0.000000 0.010171 0.000000 0.004668 0.002489 0.017209 0.000000 0.004129 0.001668 0.000000 0.000000 0.000000 0.000000 0.064746 0.000000 0.004438 0.000000 0.006075 0.004559 0.020144 0.000000 0.010441 0.000000 0.014994 0.000000 0.000000 0.007438 0.018212 0.012420 0.000000 0.002948 0.000000 0.000000 0.008836 0.033348 0.000000 0.000000 0.000000 0.007444 0.000000 0.000000 0.000000
0.036049 0.008242 0.005337 0.019527 0.001357 0.018673 0.001209 0.011871 0.033925 0.000000 0.021238 0.004509 0.003374 0.000916 0.003946 0.005022 0.000368 0.013371 0.016480 0.016017 0.000000 0.004561 0.000000 0.015251 0.008306 0.004072 0.004092 0.000000 0.018973 0.026614 0.043823 0.033494 0.002212 0.000000 0.039995 0.013900 0.000000 0.048231 0.001007 0.032608 0.013562 0.001955 0.003685 0.003087 0.000000 0.007601 0.013592 0.000949 0.000000 0.004494 0.002694 0.018722 0.000000 0.000000 0.000000 0.010152 0.014254 0.016416 0.022845 0.006123 0.000000 0.000000 0.006544 0.010916 0.008767 0.018709 0.013692 0.000000 0.005345 0.000000 0.003801 0.004740 0.017717 0.000000 0.000709 0.008333 0.019349 0.007637 0.000000 0.000000
0.030110 0.011394 0.004612 0.037143 0.002647 0.001718 0.005439 0.016969 0.058603 0.003358 0.071504 0.000000 0.010769 0.015724 0.013314 0.007243 0.004727 0.014058 0.002185 0.006069 0.012648 0.026137 0.006492 0.007277 0.000000 0.020846 0.010659 0.002988 0.005742 0.011042 0.015719 0.017706 0.012086 0.039995 0.000000 0.021888 0.001381 0.035314 0.007088 0.034929 0.006795 0.002998 0.005971 0.004700 0.000000 0.003391 0.002037 0.007389 0.003444 0.004113 0.005432 0.007498 0.003401 0.012078 0.000000 0.044274 0.017995 0.018419 0.010526 0.002218 0.000000 0.003729 0.003672 0.015406 0.012417 0.012941 0.006531 0.000000 0.003566 0.012451 0.031820 0.044922 0.015243 0.031390 0.000366 0.003807 0.021829 0.002290 0.039692 0.007728
0.022132 0.004455 0.000000 0.006166 0.001025 0.002647 0.010804 0.008600 0.042996 0.000000 0.031123 0.009115 0.002016 0.002369 0.007551 0.000938 0.000974 0.002285 0.009137 0.001982 0.004076 0.028920 0.000357 0.006468 0.005262 0.013891 0.001055 0.005071 0.008169 0.013729 0.010368 0.040202 0.004941 0.013900 0.021888 0.000000 0.001290 0.027663 0.000000 0.015459 0.000000 0.021525 0.000444 0.002315 0.008662 0.020873 0.000483 0.000000 0.001131 0.007543 0.001152 0.000000 0.012136 0.000000 0.000000 0.011228 0.004539 0.000000 0.018258 0.007898 0.014758 0.000552 0.007737 0.008533 0.007954 0.000000 0.002917 0.001184 0.001192 0.002475 0.011365 0.009366 0.030204 0.015608 0.000000 0.013246 0.012905 0.001356 0.000000 0.000000
0.010560 0.006492 0.023931 0.003180 0.000000 0.001867 0.048350 0.000000 0.007615 0.039349 0.006883 0.000833 0.062919 0.077244 0.071311 0.032260 0.053332 0.013542 0.000000 0.000940 0.002076 0.000000 0.000000 0.003218 0.003809 0.001032 0.012086 0.000000 0.003387 0.007669 0.009591 0.000000 0.000000 0.000000 0.001381 0.001290 0.000000 0.003219 0.081311 0.006443 0.000000 0.018141 0.000000 0.000000 0.007793 0.037699 0.000000 0.008606 0.000000 0.002346 0.008401 0.000000 0.030166 0.004761 0.049716 0.000000 0.018994 0.016650 0.006923 0.000000 0.004807 0.000000 0.000000 0.000951 0.000000 0.003249 0.005234 0.000000 0.005192 0.005712 0.009838 0.000000 0.005291 0.000000 0.041896 0.012242 0.018450 0.020231 0.000867 0.023893
0.019309 0.005739 0.007303 0.011418 0.007629 0.010793 0.003576 0.020415 0.015847 0.006017 0.033652 0.019416 0.009733 0.003280 0.000000 0.009015 0.005473 0.024657 0.008759 0.014967 0.006523 0.005836 0.000000 0.000000 0.000000 0.038059 0.006680 0.011314 0.000000 0.045165 0.031421 0.028040 0.004316 0.048231 0.035314 0.027663 0.003219 0.000000 0.005976 0.038168 0.017354 0.001753 0.009737 0.005283 0.002815 0.007571 0.000000 0.022605 0.000000 0.005125 0.006014 0.000000 0.007449 0.012210 0.000000 0.019384 0.003385 0.025094 0.000000 0.000000 0.000000 0.003886 0.019070 0.025703 0.029698 0.019924 0.000000 0.000000 0.000000 0.032456 0.059554 0.011795 0.001401 0.006181 0.000000 0.006086 0.012401 0.000000 0.000000 0.000000
0.009580 0.014374 0.033165 0.004265 0.000000 0.000000 0.037144 0.000000 0.004176 0.034694 0.037407 0.005173 0.063018 0.053874 0.079694 0.039287 0.040140 0.007105 0.000000 0.001392 0.002147 0.000000 0.000000 0.000000 0.000000 0.001067 0.019957 0.000000 0.006240 0.007554 0.006333 0.008528 0.000000 0.001007 0.007088 0.000000 0.081311 0.005976 0.000000 0.007959 0.010635 0.000642 0.000000 0.000000 0.010832 0.013876 0.000000 0.000613 0.000000 0.000000 0.004406 0.000000 0.033803 0.000000 0.000000 0.000000 0.011984 0.004780 0.007864 0.000000 0.004972 0.000000 0.000000 0.000000 0.006761 0.009685 0.000000 0.000000 0.015803 0.012033 0.010611 0.000756 0.003011 0.014315 0.013174 0.027483 0.000841 0.017914 0.000897 0.000000
0.041338 0.010798 0.014127 0.029766 0.007718 0.019402 0.035409 0.011941 0.031298 0.010767 0.071946 0.002888 0.010585 0.001130 0.027960 0.024082 0.014956 0.020938 0.012226 0.011426 0.006364 0.011148 0.022324 0.005300 0.011002 0.026846 0.009700 0.008414 0.008605 0.045412 0.012518 0.006037 0.010171 0.032608 0.034929 0.015459 0.006443 0.038168 0.007959 0.000000 0.017364 0.012245 0.006980 0.000000 0.009712 0.022698 0.008806 0.018545 0.003540 0.014667 0.012360 0.000000 0.015058 0.023794 0.000000 0.003225 0.000000 0.010171 0.036477 0.006497 0.000000 0.000618 0.007454 0.029983 0.035447 0.027676 0.000000 0.000000 0.002590 0.000000 0.052784 0.026053 0.026823 0.008105 0.003146 0.061976 0.049248 0.009316 0.003142 0.030455
0.010007 0.008849 0.018917 0.000762 0.018791 0.114135 0.000000 0.019836 0.016463 0.000000 0.014631 0.000773 0.000000 0.000000 0.000000 0.000000 0.000000 0.011115 0.000000 0.000000 0.000000 0.021088 0.012412 0.003296 0.000000 0.000000 0.000000 0.033297 0.011113 0.003566 0.005503 0.012855 0.000000 0.013562 0.006795 0.000000 0.000000 0.017354 0.010635 0.017364 0.000000 0.010645 0.035260 0.000000 0.000000 0.002093 0.056654 0.040577 0.000000 0.009625 0.000000 0.000000 0.000000 0.002122 0.009514 0.006809 0.003652 0.000000 0.000000 0.000000 0.000000 0.009437 0.000000 0.006812 0.000000 0.000000 0.000000 0.000000 0.046163 0.000000 0.000000 0.002564 0.009339 0.000000 0.000000 0.004672 0.000000 0.000000 0.000000 0.000000
0.043528 0.002727 0.004131 0.008661 0.003061 0.018033 0.004100 0.000272 0.014093 0.007001 0.023536 0.003496 0.021392 0.008440 0.032708 0.010633 0.020363 0.010362 0.003963 0.017644 0.007482 0.013554 0.046302 0.042946 0.000000 0.005942 0.000000 0.052282 0.000000 0.012639 0.001864 0.004031 0.004668 0.001955 0.002998 0.021525 0.018141 0.001753 0.000642 0.012245 0.010645 0.000000 0.024961 0.000000 0.007598 0.005311 0.012444 0.012108 0.000000 0.005462 0.000000 0.000000 0.000000 0.010050 0.000000 0.002354 0.003034 0.001732 0.015094 0.000000 0.000809 0.003083 0.000000 0.014384 0.000000 0.000000 0.007041 0.000000 0.000000 0.012712 0.014631 0.014716 0.006387 0.035328 0.000000 0.006534 0.001839 0.033552 0.023567 0.000000
0.012643 0.029477 0.024768 0.008941 0.020727 0.041692 0.009909 0.030145 0.011187 0.002399 0.011161 0.001508 0.000000 0.000000 0.027012 0.000000 0.000000 0.031463 0.003527 0.000000 0.000000 0.001733 0.023652 0.078428 0.000000 0.019246 0.000000 0.099293 0.016053 0.017831 0.008173 0.004736 0.002489 0.003685 0.005971 0.000444 0.000000 0.009737 0.000000 0.006980 0.035260 0.024961 0.000000 0.002772 0.000000 0.006882 0.084990 0.000000 0.000000 0.007324 0.000000 0.000000 0.000000 0.002487 0.031442 0.000000 0.003700 0.000000 0.004161 0.001528 0.000000 0.006056 0.000000 0.017824 0.000620 0.007687 0.000000 0.000000 0.000000 0.009346 0.005252 0.004353 0.000000 0.000686 0.000000 0.005243 0.000000 0.000000 0.000000 0.037583
0.010478 0.017175 0.001407 0.001293 0.000000 0.001299 0.000000 0.000000 0.000000 0.001707 0.000000 0.002993 0.000000 0.000000 0.000000 0.000000 0.000000 0.002443 0.029926 0.011639 0.001915 0.000000 0.002671 0.002239 0.000000 0.000000 0.000000 0.000000 0.005612 0.019031 0.008705 0.015928 0.017209 0.003087 0.004700 0.002315 0.000000 0.005283 0.000000 0.000000 0.000000 0.000000 0.002772 0.000000 0.000000 0.000000 0.000000 0.000000 0.000000 0.020934 0.000000 0.003731 0.000000 0.000000 0.000000 0.014888 0.000000 0.013458 0.000000 0.000000 0.000000 0.000000 0.000000 0.000000 0.000000 0.012060 0.000000 0.000000 0.000000 0.007758 0.000000 0.000000 0.039372 0.000000 0.000000 0.000000 0.000000 0.000000 0.000000 0.000000
0.041787 0.009698 0.030774 0.000000 0.001467 0.000000 0.017653 0.000000 0.007496 0.009858 0.003293 0.007442 0.018915 0.025426 0.005300 0.006883 0.006544 0.011193 0.000000 0.011875 0.011502 0.000000 0.000000 0.000000 0.013604 0.015173 0.000000 0.000000 0.000000 0.010573 0.007931 0.000000 0.000000 0.000000 0.000000 0.008662 0.007793 0.002815 0.010832 0.009712 0.000000 0.007598 0.000000 0.000000 0.000000 0.008872 0.011665 0.000000 0.000000 0.009159 0.000000 0.017800 0.000000 0.000000 0.009984 0.000000 0.033711 0.004249 0.000000 0.000000 0.013048 0.000000 0.000000 0.000000 0.029634 0.008416 0.000000 0.000000 0.000000 0.036271 0.000000 0.009030 0.008502 0.000000 0.010628 0.000000 0.003409 0.020666 0.000000 0.000000
0.052719 0.011056 0.016214 0.002570 0.000000 0.024501 0.022999 0.000000 0.011115 0.000000 0.014644 0.006387 0.055181 0.018593 0.042076 0.026791 0.028277 0.016830 0.013288 0.002530 0.000000 0.016764 0.053104 0.133616 0.000000 0.012374 0.011751 0.019520 0.019632 0.007140 0.001116 0.008345 0.004129 0.007601 0.003391 0.020873 0.037699 0.007571 0.013876 0.022698 0.002093 0.005311 0.006882 0.000000 0.008872 0.000000 0.058243 0.025569 0.000000 0.002379 0.003973 0.000000 0.002389 0.005642 0.013280 0.019103 0.006183 0.005023 0.009875 0.005098 0.000000 0.014364 0.004354 0.024421 0.018100 0.000000 0.000000 0.000000 0.012429 0.000000 0.012702 0.023039 0.009175 0.028902 0.015451 0.034563 0.006041 0.017167 0.001016 0.014781
0.016699 0.019608 0.010459 0.008497 0.009745 0.027722 0.000000 0.009660 0.033276 0.000000 0.028535 0.027081 0.000000 0.000000 0.078059 0.000000 0.000000 0.000987 0.011365 0.004639 0.000576 0.000000 0.027831 0.045423 0.000000 0.000000 0.000000 0.048535 0.016486 0.010952 0.003279 0.000000 0.001668 0.013592 0.002037 0.000483 0.000000 0.000000 0.000000 0.008806 0.056654 0.012444 0.084990 0.000000 0.011665 0.058243 0.000000 0.047082 0.000000 0.004659 0.000000 0.000000 0.000000 0.027948 0.003270 0.000932 0.011149 0.007831 0.006957 0.001664 0.000000 0.005834 0.000000 0.017816 0.000675 0.004188 0.003281 0.000000 0.018721 0.000000 0.000000 0.007081 0.010862 0.007682 0.000000 0.000000 0.000000 0.000000 0.000000 0.008973
0.014568 0.018101 0.040904 0.019433 0.002415 0.100655 0.019729 0.003154 0.029606 0.013852 0.021054 0.000000 0.010148 0.000558 0.000222 0.007294 0.002510 0.009052 0.003253 0.006591 0.000000 0.000000 0.018495 0.012302 0.000000 0.007523 0.009900 0.003521 0.005162 0.000000 0.008779 0.007856 0.000000 0.000949 0.007389 0.000000 0.008606 0.022605 0.000613 0.018545 0.040577 0.012108 0.000000 0.000000 0.000000 0.025569 0.047082 0.000000 0.000000 0.000000 0.013182 0.000000 0.000000 0.000000 0.009557 0.000000 0.008701 0.012524 0.000396 0.000510 0.000000 0.010464 0.000000 0.038802 0.000403 0.000000 0.000000 0.000000 0.021383 0.000000 0.008387 0.001471 0.000000 0.016498 0.000432 0.000000 0.021918 0.000000 0.000000 0.000000
0.022630 0.000000 0.001911 0.007811 0.020069 0.000000 0.001419 0.000000 0.001272 0.001131 0.002414 0.026226 0.000000 0.000000 0.000000 0.003035 0.000000 0.004205 0.000000 0.002276 0.005487 0.000000 0.000000 0.000000 0.013633 0.002497 0.009153 0.000000 0.000000 0.000000 0.001099 0.000000 0.000000 0.000000 0.003444 0.001131 0.000000 0.000000 0.000000 0.003540 0.000000 0.000000 0.000000 0.000000 0.000000 0.000000 0.000000 0.000000 0.000000 0.003380 0.008707 0.006543 0.000000 0.000000 0.000000 0.004846 0.000000 0.000000 0.013081 0.004744 0.085988 0.022746 0.000000 0.000000 0.000000 0.004066 0.022750 0.000000 0.000000 0.000000 0.000000 0.007979 0.001670 0.005603 0.013530 0.003158 0.000000 0.015619 0.006488 0.000000
0.012594 0.031273 0.000000 0.005825 0.033866 0.007969 0.003806 0.042913 0.002572 0.002814 0.008520 0.008867 0.017073 0.000000 0.013393 0.009013 0.000000 0.006915 0.006339 0.020769 0.006369 0.000000 0.000000 0.000000 0.035864 0.047490 0.008939 0.048262 0.008386 0.025478 0.007114 0.014938 0.000000 0.004494 0.004113 0.007543 0.002346 0.005125 0.000000 0.014667 0.009625 0.005462 0.007324 0.020934 0.009159 0.002379 0.004659 0.000000 0.003380 0.000000 0.008573 0.008159 0.002185 0.007966 0.000000 0.000000 0.000000 0.000000 0.000000 0.016974 0.048111 0.000000 0.000000 0.002898 0.011218 0.089027 0.050043 0.000000 0.000000 0.000000 0.000000 0.009677 0.012826 0.009699 0.003416 0.007049 0.003747 0.012103 0.000000 0.000000
0.015069 0.011280 0.011864 0.024150 0.000000 0.003115 0.010958 0.003464 0.015671 0.006745 0.014967 0.000000 0.029340 0.006409 0.040663 0.021661 0.000658 0.000000 0.000000 0.024879 0.001049 0.009213 0.000000 0.000000 0.000000 0.000000 0.002856 0.000000 0.000000 0.006696 0.018633 0.006398 0.000000 0.002694 0.005432 0.001152 0.008401 0.006014 0.004406 0.012360 0.000000 0.000000 0.000000 0.000000 0.000000 0.003973 0.000000 0.013182 0.008707 0.008573 0.000000 0.011763 0.011164 0.000000 0.000000 0.000000 0.001127 0.002572 0.001164 0.000000 0.015020 0.000000 0.000000 0.000000 0.001185 0.008972 0.000000 0.000000 0.000000 0.000000 0.011334 0.001251 0.001701 0.000000 0.001268 0.005568 0.001391 0.004174 0.000000 0.000000
0.007171 0.003103 0.003963 0.036627 0.000000 0.000000 0.000000 0.000000 0.012415 0.001968 0.004563 0.000000 0.007533 0.000000 0.000000 0.000000 0.000000 0.000000 0.025044 0.009154 0.004525 0.005543 0.003078 0.000000 0.000000 0.008995 0.000000 0.000000 0.004726 0.010609 0.004996 0.000000 0.064746 0.018722 0.007498 0.000000 0.000000 0.000000 0.000000 0.000000 0.000000 0.000000 0.000000 0.003731 0.017800 0.000000 0.000000 0.000000 0.006543 0.008159 0.011763 0.000000 0.000000 0.000000 0.000000 0.000000 0.000000 0.000000 0.010544 0.000000 0.015449 0.000000 0.000000 0.000000 0.018183 0.020708 0.009352 0.000000 0.000000 0.000000 0.000000 0.000000 0.009915 0.000000 0.000000 0.000000 0.000000 0.000000 0.000000 0.000000
0.007979 0.023797 0.022226 0.014882 0.004672 0.000000 0.036428 0.000000 0.006759 0.011269 0.004673 0.017813 0.029842 0.016687 0.037727 0.011642 0.012815 0.010639 0.000000 0.000000 0.000000 0.000000 0.000000 0.000000 0.000000 0.001615 0.064133 0.000000 0.011222 0.003553 0.000000 0.000000 0.000000 0.000000 0.003401 0.012136 0.030166 0.007449 0.033803 0.015058 0.000000 0.000000 0.000000 0.000000 0.000000 0.002389 0.000000 0.000000 0.000000 0.002185 0.011164 0.000000 0.000000 0.000000 0.007880 0.000000 0.021483 0.000000 0.000000 0.013191 0.000000 0.000000 0.000000 0.002608 0.012112 0.013984 0.000000 0.000000 0.023341 0.003132 0.000000 0.000000 0.011364 0.000000 0.008105 0.027635 0.000000 0.003379 0.000000 0.000000
0.010357 0.008878 0.026060 0.002030 0.051447 0.023219 0.000000 0.027788 0.019834 0.000000 0.001365 0.003342 0.000000 0.000000 0.048408 0.000000 0.000000 0.014765 0.006383 0.008777 0.001264 0.000000 0.014218 0.024550 0.000000 0.019826 0.000000 0.063991 0.020301 0.009276 0.005832 0.011505 0.004438 0.000000 0.012078 0.000000 0.004761 0.012210 0.000000 0.023794 0.002122 0.010050 0.002487 0.000000 0.000000 0.005642 0.027948 0.000000 0.000000 0.007966 0.000000 0.000000 0.000000 0.000000 0.027833 0.002045 0.006229 0.025905 0.003460 0.000000 0.000000 0.002463 0.000000 0.000000 0.000000 0.023360 0.003601 0.000000 0.006653 0.000000 0.005067 0.000000 0.000000 0.000000 0.000000 0.022500 0.000000 0.003111 0.000000 0.000000
0.005313 0.009191 0.005169 0.000000 0.000000 0.008312 0.004230 0.000000 0.011784 0.020143 0.008975 0.005386 0.011355 0.039941 0.000000 0.021088 0.038132 0.002608 0.000000 0.009917 0.000000 0.000000 0.003637 0.060190 0.000000 0.000000 0.014392 0.002529 0.014986 0.000000 0.000000 0.003277 0.000000 0.000000 0.000000 0.000000 0.049716 0.000000 0.000000 0.000000 0.009514 0.000000 0.031442 0.000000 0.009984 0.013280 0.003270 0.009557 0.000000 0.000000 0.000000 0.000000 0.007880 0.027833 0.000000 0.000000 0.013213 0.005408 0.000000 0.000000 0.000000 0.000000 0.000000 0.002415 0.000000 0.000000 0.000000 0.030648 0.011767 0.000000 0.000000 0.000000 0.000000 0.000000 0.030544 0.010648 0.000000 0.003699 0.000000 0.000000
