DL n=80
format=fullmatrix
labels:
사랑, 축하, 플리, 뮤비, 좋아, 귀여워, 키딩, 천만, 최고, 안무, 세계, 중독, 바보, 입덕, 멜론, 수고, 노아, 고마워, 최고다, 부분, 하나, 귀엽다, 벌써, 세상, 감동, 귀엽고, 목소리, 응원, 세구, 가사, 여름, 고생, 이유, 컴백, 회수, 심장, 레전드, 머리, 시간, 하루, 퀄리티, 좋음, 시작, 인기, 댓글, 이파리, 기분, 눈물, 데뷔, 멤버, 대컨, 같아, 파트, 마음, 행복해, 선물, 앨범, 예준, 인생, 기대, 버츄얼, 가수, 미쳐, 캐릭터, 밤비, 릴파님, 같음, 차트, 직접, 모든, 한번, 스밍, 매일, 자체, 얼굴, 현실, 릴파, 겨울, 있어, 누구
data:
0.000000 0.024319 0.088096 0.018569 0.039745 0.010587 0.011590 0.005400 0.022001 0.012075 0.027026 0.006629 0.040303 0.016967 0.012178 0.035431 0.029510 0.087916 0.007135 0.008714 0.025141 0.010624 0.004570 0.025010 0.039928 0.036574 0.005877 0.033308 0.002839 0.034909 0.010363 0.012958 0.110863 0.030246 0.001894 0.015960 0.001479 0.006470 0.009670 0.015353 0.001613 0.002020 0.005502 0.003332 0.007922 0.012672 0.024383 0.040168 0.004731 0.008875 0.005028 0.024110 0.005791 0.047833 0.042499 0.038352 0.017533 0.019149 0.025818 0.008124 0.003966 0.026826 0.007587 0.001971 0.013250 0.001401 0.005690 0.010186 0.009495 0.028999 0.003691 0.005378 0.030849 0.014435 0.011051 0.000000 0.004096 0.017485 0.033206 0.013984
0.024319 0.000000 0.025485 0.015449 0.001048 0.003145 0.056522 0.113514 0.018578 0.003769 0.023373 0.001100 0.000000 0.002126 0.063822 0.019322 0.001123 0.013541 0.002334 0.006357 0.001331 0.002167 0.016189 0.000735 0.005812 0.004139 0.006258 0.014349 0.000000 0.000000 0.002782 0.013641 0.004592 0.058037 0.057273 0.000000 0.001851 0.003834 0.004656 0.004140 0.001978 0.000000 0.005148 0.024969 0.002910 0.014371 0.008216 0.000480 0.014198 0.004448 0.007790 0.004164 0.001193 0.000000 0.001489 0.007449 0.011140 0.003378 0.001002 0.001385 0.002413 0.013877 0.007574 0.000000 0.001163 0.001296 0.000000 0.021841 0.000000 0.004862 0.006134 0.012746 0.002912 0.000000 0.000000 0.000000 0.000000 0.006000 0.005913 0.000000
0.088096 0.025485 0.000000 0.051076 0.015747 0.024057 0.000000 0.028508 0.010728 0.008672 0.004926 0.005389 0.008243 0.027205 0.006010 0.002410 0.023469 0.065344 0.002233 0.011464 0.011467 0.023029 0.007126 0.020792 0.017108 0.055482 0.005916 0.021093 0.000000 0.039776 0.019547 0.004342 0.025239 0.031998 0.006394 0.015791 0.000000 0.031024 0.002578 0.017757 0.000000 0.000000 0.019963 0.000000 0.010581 0.004690 0.011078 0.027093 0.026387 0.013339 0.000000 0.019432 0.005190 0.023400 0.050902 0.059845 0.011488 0.034772 0.017264 0.005905 0.000000 0.010733 0.012287 0.012631 0.006937 0.000000 0.004147 0.004835 0.000000 0.038797 0.015930 0.020918 0.009299 0.008890 0.003375 0.007631 0.000000 0.022325 0.020659 0.024546
0.018569 0.015449 0.051076 0.000000 0.012780 0.021688 0.001544 0.005936 0.028351 0.047735 0.011192 0.014677 0.005782 0.000000 0.003050 0.007355 0.013490 0.011054 0.006984 0.016334 0.044816 0.036297 0.005500 0.001116 0.016804 0.038715 0.009819 0.032990 0.004905 0.035611 0.006615 0.018977 0.005233 0.020786 0.003383 0.014503 0.005669 0.009625 0.005548 0.010194 0.075775 0.010506 0.010124 0.000113 0.020718 0.007942 0.014655 0.018477 0.019103 0.019680 0.016221 0.020198 0.001022 0.009109 0.007419 0.021790 0.029622 0.000327 0.002216 0.009554 0.004667 0.003838 0.000000 0.019009 0.001019 0.012127 0.027183 0.000593 0.013036 0.005980 0.017698 0.021015 0.007722 0.008172 0.000000 0.049623 0.000000 0.002713 0.003288 0.000000
0.039745 0.001048 0.015747 0.012780 0.000000 0.030444 0.005237 0.000000 0.008863 0.014004 0.020396 0.008184 0.008691 0.006224 0.001329 0.002837 0.000600 0.025292 0.006687 0.003732 0.010003 0.000385 0.005422 0.002667 0.003059 0.021053 0.012534 0.013138 0.011469 0.005854 0.001761 0.011709 0.020656 0.038214 0.000000 0.002234 0.006933 0.000000 0.009809 0.013106 0.001717 0.001537 0.003977 0.003893 0.005363 0.008566 0.008283 0.016869 0.017906 0.013309 0.004571 0.019721 0.004288 0.016245 0.023157 0.002491 0.007912 0.024172 0.005521 0.006374 0.000000 0.000000 0.008933 0.001219 0.001033 0.004314 0.000000 0.000000 0.000000 0.022164 0.007242 0.008457 0.017010 0.007672 0.006231 0.000000 0.001502 0.014575 0.006323 0.007989
0.010587 0.003145 0.024057 0.021688 0.030444 0.000000 0.000000 0.000000 0.000000 0.030928 0.004131 0.016755 0.000000 0.009146 0.000000 0.000000 0.010712 0.000000 0.000000 0.000000 0.000309 0.025073 0.006161 0.003438 0.000000 0.012442 0.006463 0.000000 0.022571 0.000000 0.000000 0.000000 0.018947 0.010687 0.000000 0.013314 0.000000 0.006736 0.006846 0.006300 0.000000 0.013569 0.002568 0.000000 0.000000 0.000000 0.010031 0.000000 0.007256 0.017792 0.000000 0.009558 0.000000 0.010317 0.002595 0.000000 0.018220 0.017512 0.000000 0.007604 0.000000 0.000000 0.010576 0.005192 0.017878 0.000000 0.000933 0.000000 0.000000 0.002436 0.000000 0.000000 0.003854 0.006505 0.006605 0.000000 0.016920 0.007744 0.007771 0.000000
0.011590 0.056522 0.000000 0.001544 0.005237 0.000000 0.000000 0.038592 0.011948 0.005817 0.030387 0.011816 0.000000 0.005670 0.020707 0.002544 0.000000 0.000000 0.014603 0.005274 0.004835 0.000000 0.020601 0.000000 0.007199 0.000000 0.000000 0.009439 0.003055 0.014449 0.011370 0.003389 0.006380 0.003092 0.019077 0.000000 0.009821 0.011590 0.005432 0.015484 0.001986 0.004192 0.022082 0.006693 0.016914 0.031429 0.000000 0.000000 0.000000 0.000000 0.007225 0.000000 0.000000 0.007158 0.000000 0.000000 0.002336 0.000000 0.007814 0.023400 0.004846 0.017591 0.000000 0.000000 0.000000 0.000000 0.000000 0.011505 0.010063 0.000000 0.000000 0.013401 0.023749 0.019858 0.000000 0.008418 0.000000 0.040430 0.005620 0.011372
0.005400 0.113514 0.028508 0.005936 0.000000 0.000000 0.038592 0.000000 0.000000 0.000000 0.006656 0.000000 0.000000 0.000000 0.002562 0.000000 0.000000 0.000000 0.000000 0.000000 0.000000 0.000000 0.014176 0.001839 0.000000 0.000000 0.000000 0.000000 0.000000 0.000000 0.012032 0.000000 0.000000 0.000000 0.029618 0.000000 0.007317 0.000000 0.000000 0.006403 0.000000 0.000000 0.012026 0.005980 0.008083 0.008420 0.004549 0.000000 0.000000 0.000000 0.000000 0.000000 0.000000 0.002488 0.000000 0.030847 0.000000 0.005976 0.000000 0.000000 0.000000 0.000000 0.008940 0.000000 0.000000 0.000000 0.000000 0.018772 0.000000 0.000000 0.009571 0.005242 0.010285 0.000000 0.000000 0.000000 0.000000 0.007547 0.000000 0.000000
0.022001 0.018578 0.010728 0.028351 0.008863 0.000000 0.011948 0.000000 0.000000 0.016792 0.022473 0.016719 0.000000 0.011890 0.015162 0.015432 0.000000 0.010907 0.018194 0.007209 0.007293 0.000000 0.004168 0.006946 0.003262 0.017438 0.013945 0.008468 0.002205 0.000000 0.009833 0.002464 0.005073 0.004327 0.000000 0.007885 0.000000 0.005848 0.000000 0.011022 0.016992 0.000000 0.000000 0.000000 0.000000 0.000000 0.011886 0.012632 0.005643 0.008743 0.000000 0.000000 0.014675 0.000000 0.000000 0.030461 0.000000 0.002910 0.019556 0.005042 0.009309 0.010969 0.012495 0.000000 0.000000 0.004703 0.004721 0.008998 0.008998 0.011757 0.006262 0.012332 0.013045 0.004860 0.000000 0.004867 0.000000 0.011054 0.007769 0.000000
0.012075 0.003769 0.008672 0.047735 0.014004 0.030928 0.005817 0.000000 0.016792 0.000000 0.009566 0.014266 0.000000 0.009829 0.004275 0.003618 0.004378 0.001312 0.007115 0.007992 0.002929 0.019386 0.000000 0.001712 0.013830 0.042093 0.008519 0.032350 0.013142 0.038330 0.014302 0.029328 0.000000 0.002562 0.004454 0.009613 0.015097 0.015063 0.002611 0.001546 0.029952 0.022646 0.000000 0.000000 0.005938 0.016270 0.005857 0.011083 0.006360 0.048954 0.007985 0.005361 0.019806 0.009743 0.000000 0.003179 0.006468 0.016976 0.000000 0.000000 0.002571 0.000538 0.016639 0.003070 0.023068 0.013334 0.002511 0.012549 0.024221 0.006541 0.007873 0.010364 0.005034 0.041327 0.000000 0.043929 0.000000 0.004161 0.005429 0.005654
0.027026 0.023373 0.004926 0.011192 0.020396 0.004131 0.030387 0.006656 0.022473 0.009566 0.000000 0.024973 0.000000 0.010307 0.005812 0.007328 0.000000 0.000000 0.048488 0.008766 0.008823 0.000000 0.026722 0.007667 0.029976 0.003745 0.006504 0.025024 0.017051 0.001314 0.030589 0.015859 0.002291 0.007838 0.000000 0.000000 0.000000 0.002518 0.012157 0.005373 0.006623 0.008391 0.034561 0.008103 0.008183 0.044872 0.000000 0.015169 0.018162 0.004335 0.022914 0.000000 0.001954 0.016234 0.005533 0.000000 0.006034 0.000000 0.000000 0.012474 0.014013 0.012162 0.012794 0.009667 0.000000 0.005890 0.002578 0.000000 0.007790 0.005218 0.010257 0.007030 0.022924 0.000000 0.000000 0.052682 0.021931 0.022123 0.008892 0.018408
0.006629 0.001100 0.005389 0.014677 0.008184 0.016755 0.011816 0.000000 0.016719 0.014266 0.024973 0.000000 0.000000 0.000000 0.009815 0.013256 0.000000 0.004796 0.007018 0.021294 0.004510 0.000000 0.032452 0.000000 0.000000 0.027452 0.000000 0.011734 0.000000 0.000000 0.013188 0.024253 0.000000 0.000000 0.000000 0.000000 0.006658 0.033823 0.001718 0.044262 0.004244 0.000000 0.011801 0.005955 0.008483 0.003180 0.000000 0.000000 0.000000 0.010658 0.005656 0.000000 0.004704 0.000000 0.005943 0.000000 0.008088 0.000000 0.006292 0.005022 0.000000 0.000000 0.009383 0.001864 0.000000 0.000000 0.027541 0.000000 0.000000 0.014703 0.004690 0.004070 0.027514 0.020171 0.010420 0.014915 0.000000 0.003371 0.018488 0.000000
0.040303 0.000000 0.008243 0.005782 0.008691 0.000000 0.000000 0.000000 0.000000 0.000000 0.000000 0.000000 0.000000 0.004207 0.000000 0.000000 0.002809 0.006465 0.000000 0.005069 0.004117 0.000000 0.000000 0.015794 0.000000 0.006063 0.000804 0.004354 0.000000 0.005304 0.000000 0.000000 0.000000 0.000000 0.007843 0.012073 0.000000 0.000000 0.002941 0.005718 0.000000 0.003842 0.000000 0.000000 0.000000 0.000000 0.000000 0.007379 0.000000 0.000000 0.000000 0.000000 0.005344 0.000000 0.009427 0.009151 0.000000 0.004122 0.000000 0.000000 0.000000 0.000000 0.000000 0.000000 0.020795 0.000000 0.000000 0.000000 0.000000 0.000000 0.000000 0.000000 0.000000 0.003634 0.010447 0.000000 0.000000 0.000000 0.009844 0.000000
0.016967 0.002126 0.027205 0.000000 0.006224 0.009146 0.005670 0.000000 0.011890 0.009829 0.010307 0.000000 0.004207 0.000000 0.004937 0.000000 0.038921 0.006499 0.002339 0.009558 0.012846 0.000000 0.003126 0.005736 0.014291 0.002593 0.020008 0.010525 0.003538 0.000000 0.000000 0.002777 0.000000 0.028571 0.000000 0.005723 0.008573 0.013135 0.000000 0.012281 0.000000 0.005441 0.009542 0.000000 0.018725 0.023891 0.000000 0.010468 0.018446 0.016769 0.000000 0.014822 0.010248 0.003742 0.006631 0.011216 0.021807 0.030188 0.014693 0.010061 0.023417 0.011014 0.006581 0.014532 0.010730 0.005552 0.016022 0.000000 0.022372 0.000000 0.037461 0.000000 0.004459 0.000000 0.025739 0.011572 0.005247 0.000000 0.000000 0.017734
0.012178 0.063822 0.006010 0.003050 0.001329 0.000000 0.020707 0.002562 0.015162 0.004275 0.005812 0.009815 0.000000 0.004937 0.000000 0.028619 0.000000 0.002916 0.012763 0.005231 0.000000 0.000000 0.000000 0.005872 0.000000 0.000000 0.000000 0.009106 0.004443 0.000000 0.000000 0.011717 0.000000 0.014081 0.010122 0.000000 0.004814 0.004985 0.020185 0.009451 0.000000 0.000000 0.008627 0.015223 0.011122 0.008013 0.000000 0.010212 0.000000 0.000000 0.012023 0.000000 0.000000 0.002148 0.000000 0.000000 0.000000 0.000000 0.003751 0.000000 0.002625 0.162657 0.000000 0.000000 0.000000 0.010825 0.000000 0.355077 0.002732 0.012239 0.008484 0.053394 0.012309 0.008048 0.000000 0.002528 0.000000 0.016041 0.000000 0.000000
0.035431 0.019322 0.002410 0.007355 0.002837 0.000000 0.002544 0.000000 0.015432 0.003618 0.007328 0.013256 0.000000 0.000000 0.028619 0.000000 0.000000 0.004689 0.015451 0.004776 0.000000 0.000000 0.000000 0.007686 0.003797 0.001971 0.000000 0.011574 0.005188 0.000000 0.014532 0.037611 0.000000 0.013096 0.000000 0.006755 0.013723 0.000000 0.009116 0.000000 0.009017 0.000000 0.000000 0.004093 0.000000 0.032484 0.006563 0.004213 0.000000 0.045701 0.015878 0.010017 0.003043 0.000000 0.000000 0.002591 0.000000 0.010565 0.012786 0.000000 0.000000 0.000000 0.000000 0.000000 0.000000 0.007009 0.000000 0.024481 0.000000 0.029260 0.000000 0.020121 0.000000 0.000000 0.000000 0.006995 0.000000 0.006324 0.000000 0.000000
0.029510 0.001123 0.023469 0.013490 0.000600 0.010712 0.000000 0.000000 0.000000 0.004378 0.000000 0.000000 0.002809 0.038921 0.000000 0.000000 0.000000 0.000000 0.004764 0.021564 0.002073 0.006187 0.000000 0.010188 0.000000 0.009810 0.061283 0.000000 0.000000 0.000506 0.003790 0.000000 0.003166 0.007059 0.000000 0.037294 0.000000 0.009085 0.000000 0.006690 0.000000 0.006295 0.000000 0.000000 0.002717 0.000000 0.000000 0.001343 0.020046 0.010437 0.000000 0.010970 0.031833 0.009941 0.000000 0.008207 0.003098 0.051038 0.000000 0.000000 0.000000 0.008323 0.013695 0.000000 0.061742 0.000000 0.014255 0.000721 0.001556 0.002365 0.001606 0.000000 0.003634 0.018480 0.086118 0.000000 0.000000 0.000856 0.000000 0.000000
0.087916 0.013541 0.065344 0.011054 0.025292 0.000000 0.000000 0.000000 0.010907 0.001312 0.000000 0.004796 0.006465 0.006499 0.002916 0.004689 0.000000 0.000000 0.000000 0.003352 0.001879 0.005123 0.000000 0.030981 0.015057 0.012129 0.000000 0.020279 0.000000 0.014801 0.009077 0.019692 0.021774 0.042874 0.000000 0.002251 0.000000 0.011464 0.000744 0.062774 0.000000 0.000000 0.012061 0.000000 0.000000 0.000000 0.039132 0.032929 0.019999 0.000000 0.000000 0.039276 0.000000 0.030907 0.048122 0.131761 0.007037 0.000000 0.009703 0.000000 0.000000 0.034117 0.000000 0.000000 0.000000 0.000000 0.000000 0.005067 0.002808 0.010493 0.007835 0.000000 0.018476 0.011862 0.000000 0.000000 0.000000 0.013212 0.027811 0.000000
0.007135 0.002334 0.002233 0.006984 0.006687 0.000000 0.014603 0.000000 0.018194 0.007115 0.048488 0.007018 0.000000 0.002339 0.012763 0.015451 0.004764 0.000000 0.000000 0.000000 0.002697 0.000000 0.000000 0.000000 0.002819 0.012286 0.000000 0.000000 0.000000 0.009813 0.003445 0.009679 0.008242 0.000000 0.013803 0.000000 0.000000 0.009871 0.011371 0.005239 0.003555 0.000000 0.005365 0.004712 0.000000 0.010439 0.000000 0.000000 0.000000 0.000000 0.004077 0.000000 0.000000 0.000000 0.000000 0.000000 0.000000 0.006990 0.010994 0.010377 0.000000 0.003729 0.015479 0.000000 0.000000 0.000000 0.000000 0.007699 0.006036 0.000000 0.000000 0.012954 0.000000 0.013017 0.000000 0.000000 0.000000 0.000000 0.000000 0.000000
0.008714 0.006357 0.011464 0.016334 0.003732 0.000000 0.005274 0.000000 0.007209 0.007992 0.008766 0.021294 0.005069 0.009558 0.005231 0.004776 0.021564 0.003352 0.000000 0.000000 0.001890 0.000000 0.000000 0.009241 0.003504 0.000000 0.024824 0.016188 0.015366 0.012606 0.012472 0.007630 0.002835 0.000000 0.000000 0.000000 0.009490 0.019691 0.000000 0.000000 0.000000 0.030275 0.022822 0.000000 0.003264 0.004948 0.000000 0.000000 0.007840 0.010468 0.000000 0.011226 0.032169 0.021563 0.000000 0.000000 0.003702 0.017341 0.000000 0.000000 0.014572 0.000000 0.020772 0.007592 0.008257 0.056782 0.024169 0.004473 0.004217 0.014722 0.035816 0.000000 0.000000 0.010404 0.009098 0.025268 0.010596 0.004655 0.000000 0.000000
0.025141 0.001331 0.011467 0.044816 0.010003 0.000309 0.004835 0.000000 0.007293 0.002929 0.008823 0.004510 0.004117 0.012846 0.000000 0.000000 0.002073 0.001879 0.002697 0.001890 0.000000 0.000507 0.009273 0.022677 0.002903 0.020396 0.012279 0.007976 0.004434 0.047512 0.017365 0.008178 0.010976 0.013665 0.000000 0.002411 0.028786 0.008591 0.000000 0.013983 0.008385 0.000000 0.025150 0.000000 0.021514 0.002490 0.007120 0.007307 0.000000 0.011302 0.018219 0.006110 0.011830 0.033799 0.004377 0.004350 0.012612 0.005624 0.022654 0.021222 0.008377 0.005822 0.000000 0.004556 0.002080 0.000000 0.013913 0.001957 0.006854 0.000000 0.000000 0.000000 0.005141 0.009943 0.012983 0.000000 0.009077 0.008573 0.038204 0.064522
0.010624 0.002167 0.023029 0.036297 0.000385 0.025073 0.000000 0.000000 0.000000 0.019386 0.000000 0.000000 0.000000 0.000000 0.000000 0.000000 0.006187 0.005123 0.000000 0.000000 0.000507 0.000000 0.000000 0.005644 0.000000 0.006519 0.002490 0.003795 0.009126 0.023322 0.000000 0.000000 0.000588 0.006017 0.000000 0.013482 0.000000 0.007747 0.000000 0.000000 0.000000 0.000000 0.000000 0.000000 0.000000 0.000000 0.004796 0.000000 0.000000 0.013398 0.000000 0.000000 0.000000 0.004846 0.000000 0.007252 0.000000 0.012525 0.000000 0.000000 0.000000 0.000000 0.000000 0.008969 0.000000 0.000000 0.001533 0.000000 0.000000 0.002437 0.000000 0.000000 0.006301 0.000843 0.000000 0.000000 0.000000 0.019179 0.006614 0.000000
0.004570 0.016189 0.007126 0.005500 0.005422 0.006161 0.020601 0.014176 0.004168 0.000000 0.026722 0.032452 0.000000 0.003126 0.000000 0.000000 0.000000 0.000000 0.000000 0.000000 0.009273 0.000000 0.000000 0.015172 0.010049 0.000000 0.000000 0.022318 0.000000 0.000000 0.009708 0.004031 0.000000 0.000000 0.029515 0.010066 0.009634 0.004196 0.074131 0.004440 0.000000 0.000000 0.004547 0.000000 0.000000 0.018234 0.000000 0.003794 0.011035 0.000000 0.007311 0.000000 0.000000 0.000000 0.000000 0.000000 0.004991 0.000000 0.000000 0.016946 0.007718 0.005514 0.000000 0.007780 0.000000 0.000000 0.000000 0.000000 0.004440 0.000000 0.012655 0.005530 0.000000 0.000000 0.000000 0.000000 0.000000 0.014290 0.000000 0.000000
0.025010 0.000735 0.020792 0.001116 0.002667 0.003438 0.000000 0.001839 0.006946 0.001712 0.007667 0.000000 0.015794 0.005736 0.005872 0.007686 0.010188 0.030981 0.000000 0.009241 0.022677 0.005644 0.015172 0.000000 0.009092 0.017733 0.013114 0.023554 0.000000 0.000000 0.000000 0.000000 0.005894 0.000000 0.000000 0.006799 0.000000 0.000000 0.000000 0.000000 0.000000 0.000000 0.000000 0.006412 0.008772 0.002700 0.004669 0.000000 0.014055 0.000000 0.000000 0.011468 0.001629 0.012463 0.005079 0.004028 0.003940 0.005114 0.031426 0.000000 0.024049 0.004091 0.027926 0.007351 0.000000 0.000000 0.022604 0.000000 0.004175 0.053719 0.004387 0.000000 0.000000 0.017974 0.004564 0.000000 0.000000 0.003748 0.008672 0.024816
0.039928 0.005812 0.017108 0.016804 0.003059 0.000000 0.007199 0.000000 0.003262 0.013830 0.029976 0.000000 0.000000 0.014291 0.000000 0.003797 0.000000 0.015057 0.002819 0.003504 0.002903 0.000000 0.010049 0.009092 0.000000 0.007350 0.000000 0.012962 0.000000 0.061303 0.003846 0.000000 0.007230 0.005495 0.000000 0.000000 0.000000 0.000000 0.029829 0.028294 0.000000 0.000000 0.011028 0.000000 0.000000 0.008468 0.009444 0.035343 0.004485 0.024478 0.005237 0.000000 0.000000 0.013154 0.002891 0.016957 0.009444 0.000000 0.015233 0.004044 0.000000 0.000000 0.006557 0.000000 0.000000 0.006691 0.013049 0.000000 0.030012 0.008123 0.000000 0.000000 0.000000 0.031561 0.000000 0.004810 0.000000 0.015880 0.008531 0.010361
0.036574 0.004139 0.055482 0.038715 0.021053 0.012442 0.000000 0.000000 0.017438 0.042093 0.003745 0.027452 0.006063 0.002593 0.000000 0.001971 0.009810 0.012129 0.012286 0.000000 0.020396 0.006519 0.000000 0.017733 0.007350 0.000000 0.010351 0.002066 0.000000 0.007654 0.000000 0.014246 0.008107 0.013785 0.000000 0.033387 0.000000 0.009470 0.000000 0.009484 0.000000 0.007903 0.000000 0.000000 0.007767 0.000000 0.011097 0.014639 0.000000 0.018749 0.000000 0.019701 0.001700 0.040566 0.031382 0.044968 0.013750 0.026964 0.003159 0.016546 0.000000 0.000000 0.008017 0.004027 0.000000 0.006160 0.005023 0.006525 0.000000 0.009982 0.000000 0.000000 0.014249 0.007389 0.000000 0.000000 0.000000 0.018140 0.015414 0.000000
0.005877 0.006258 0.005916 0.009819 0.012534 0.006463 0.000000 0.000000 0.013945 0.008519 0.006504 0.000000 0.000804 0.020008 0.000000 0.000000 0.061283 0.000000 0.000000 0.024824 0.012279 0.002490 0.000000 0.013114 0.000000 0.010351 0.000000 0.012543 0.010907 0.003416 0.005597 0.016402 0.000000 0.009961 0.000000 0.017595 0.006585 0.022528 0.000000 0.007479 0.005280 0.000000 0.016588 0.000000 0.003038 0.010741 0.004838 0.001502 0.003224 0.019264 0.000000 0.011932 0.051990 0.043085 0.000000 0.004524 0.004182 0.045250 0.000000 0.003573 0.000000 0.008509 0.018580 0.016689 0.032673 0.004483 0.005313 0.000000 0.004326 0.022508 0.013868 0.000000 0.011226 0.017249 0.026086 0.013973 0.026432 0.000000 0.000000 0.008046
0.033308 0.014349 0.021093 0.032990 0.013138 0.000000 0.009439 0.000000 0.008468 0.032350 0.025024 0.011734 0.004354 0.010525 0.009106 0.011574 0.000000 0.020279 0.000000 0.016188 0.007976 0.003795 0.022318 0.023554 0.012962 0.002066 0.012543 0.000000 0.000000 0.019047 0.000000 0.021240 0.000000 0.011686 0.006517 0.004360 0.000000 0.010703 0.022056 0.002262 0.000000 0.000000 0.005529 0.000000 0.026908 0.049593 0.000000 0.015884 0.017121 0.013218 0.013728 0.000000 0.008121 0.038417 0.016319 0.015562 0.018546 0.006327 0.008094 0.020730 0.043365 0.018488 0.000000 0.005010 0.000000 0.011716 0.018446 0.015824 0.006546 0.010584 0.004566 0.013904 0.013962 0.019028 0.007480 0.003131 0.000000 0.005156 0.021628 0.009627
0.002839 0.000000 0.000000 0.004905 0.011469 0.022571 0.003055 0.000000 0.002205 0.013142 0.017051 0.000000 0.000000 0.003538 0.004443 0.005188 0.000000 0.000000 0.000000 0.015366 0.004434 0.009126 0.000000 0.000000 0.000000 0.000000 0.010907 0.000000 0.000000 0.000000 0.008255 0.000000 0.000000 0.000000 0.000000 0.000000 0.009946 0.069960 0.000000 0.000000 0.000000 0.002139 0.001785 0.000000 0.000915 0.005115 0.000723 0.000000 0.000000 0.006488 0.000000 0.011767 0.025349 0.000000 0.010346 0.000000 0.000000 0.000000 0.000000 0.000000 0.000000 0.000000 0.000000 0.000000 0.000000 0.021281 0.006847 0.007721 0.012806 0.000000 0.000000 0.000000 0.000000 0.009859 0.013584 0.010875 0.093012 0.000000 0.005201 0.005421
0.034909 0.000000 0.039776 0.035611 0.005854 0.000000 0.014449 0.000000 0.000000 0.038330 0.001314 0.000000 0.005304 0.000000 0.000000 0.000000 0.000506 0.014801 0.009813 0.012606 0.047512 0.023322 0.000000 0.000000 0.061303 0.007654 0.003416 0.019047 0.000000 0.000000 0.012916 0.017045 0.033619 0.000000 0.000000 0.018788 0.005668 0.000000 0.007616 0.011295 0.000000 0.020736 0.002089 0.000000 0.011997 0.012189 0.019335 0.004698 0.005724 0.008502 0.004665 0.005525 0.011622 0.023060 0.006791 0.025532 0.000000 0.003479 0.004225 0.017458 0.013148 0.001870 0.000000 0.004541 0.009633 0.006530 0.017654 0.014324 0.021760 0.019683 0.000000 0.000000 0.000000 0.011393 0.007982 0.005185 0.000000 0.006154 0.014740 0.006345
0.010363 0.002782 0.019547 0.006615 0.001761 0.000000 0.011370 0.012032 0.009833 0.014302 0.030589 0.013188 0.000000 0.000000 0.000000 0.014532 0.003790 0.009077 0.003445 0.012472 0.017365 0.000000 0.009708 0.000000 0.003846 0.000000 0.005597 0.000000 0.008255 0.012916 0.000000 0.021047 0.010869 0.006262 0.000000 0.000000 0.000000 0.008766 0.000000 0.007456 0.000000 0.000000 0.003715 0.000000 0.000000 0.009081 0.002193 0.007961 0.008311 0.012460 0.015939 0.000000 0.004733 0.015508 0.007937 0.000000 0.000000 0.014570 0.000000 0.012118 0.000000 0.000000 0.000000 0.012459 0.005772 0.020137 0.009216 0.000000 0.000000 0.014316 0.000000 0.004785 0.000000 0.040986 0.000000 0.000000 0.000000 0.008366 0.000000 0.015167
0.012958 0.013641 0.004342 0.018977 0.011709 0.000000 0.003389 0.000000 0.002464 0.029328 0.015859 0.024253 0.000000 0.002777 0.011717 0.037611 0.000000 0.019692 0.009679 0.007630 0.008178 0.000000 0.004031 0.000000 0.000000 0.014246 0.016402 0.021240 0.000000 0.017045 0.021047 0.000000 0.009637 0.023400 0.000000 0.004313 0.003094 0.016156 0.024033 0.000000 0.012664 0.000000 0.003865 0.000000 0.000000 0.019994 0.000000 0.017862 0.000000 0.054426 0.000000 0.015391 0.009070 0.018943 0.027478 0.010178 0.017361 0.005345 0.005128 0.009987 0.000000 0.000000 0.000000 0.013150 0.008647 0.004305 0.000000 0.000000 0.012053 0.051881 0.004936 0.039103 0.010801 0.000000 0.000000 0.019316 0.000000 0.006619 0.008622 0.000000
0.110863 0.004592 0.025239 0.005233 0.020656 0.018947 0.006380 0.000000 0.005073 0.000000 0.002291 0.000000 0.000000 0.000000 0.000000 0.000000 0.003166 0.021774 0.008242 0.002835 0.010976 0.000588 0.000000 0.005894 0.007230 0.008107 0.000000 0.000000 0.000000 0.033619 0.010869 0.009637 0.000000 0.012458 0.011016 0.000000 0.000000 0.010557 0.000000 0.011648 0.015255 0.000000 0.000000 0.000000 0.000000 0.017023 0.090592 0.000000 0.000000 0.020470 0.000000 0.040211 0.000000 0.004235 0.026761 0.019444 0.008197 0.009524 0.000000 0.000000 0.008526 0.005857 0.000000 0.025587 0.003954 0.000000 0.011382 0.000000 0.000000 0.000000 0.000000 0.000000 0.009015 0.014542 0.009701 0.000000 0.000000 0.036523 0.000000 0.000000
0.030246 0.058037 0.031998 0.020786 0.038214 0.010687 0.003092 0.000000 0.004327 0.002562 0.007838 0.000000 0.000000 0.028571 0.014081 0.013096 0.007059 0.042874 0.000000 0.000000 0.013665 0.006017 0.000000 0.000000 0.005495 0.013785 0.009961 0.011686 0.000000 0.000000 0.006262 0.023400 0.012458 0.000000 0.000000 0.000000 0.000000 0.005959 0.000000 0.018380 0.004013 0.000000 0.006097 0.000000 0.011365 0.000000 0.004568 0.008342 0.000000 0.007258 0.000000 0.021988 0.000000 0.005960 0.011658 0.040706 0.004538 0.010575 0.021386 0.019685 0.000000 0.005144 0.000000 0.000000 0.000000 0.000000 0.014230 0.005878 0.000000 0.008442 0.019253 0.000000 0.000000 0.000000 0.000000 0.000000 0.000000 0.006398 0.009542 0.000000
0.001894 0.057273 0.006394 0.003383 0.000000 0.000000 0.019077 0.029618 0.000000 0.004454 0.000000 0.000000 0.007843 0.000000 0.010122 0.000000 0.000000 0.000000 0.013803 0.000000 0.000000 0.000000 0.029515 0.000000 0.000000 0.000000 0.000000 0.006517 0.000000 0.000000 0.000000 0.000000 0.011016 0.000000 0.000000 0.000000 0.000000 0.000000 0.010586 0.018770 0.000000 0.000000 0.000000 0.005465 0.035122 0.000000 0.000000 0.000000 0.000000 0.012582 0.000000 0.012075 0.000000 0.000000 0.000000 0.000000 0.000000 0.000000 0.000000 0.000000 0.000000 0.000000 0.008428 0.000000 0.000000 0.010059 0.000000 0.013048 0.000000 0.000000 0.000000 0.000000 0.000000 0.000000 0.000000 0.000000 0.000000 0.015161 0.000000 0.000000
0.015960 0.000000 0.015791 0.014503 0.002234 0.013314 0.000000 0.000000 0.007885 0.009613 0.000000 0.000000 0.012073 0.005723 0.000000 0.006755 0.037294 0.002251 0.000000 0.000000 0.002411 0.013482 0.010066 0.006799 0.000000 0.033387 0.017595 0.004360 0.000000 0.018788 0.000000 0.004313 0.000000 0.000000 0.000000 0.000000 0.000000 0.000000 0.000000 0.007225 0.008617 0.000000 0.000000 0.000000 0.003217 0.000000 0.003183 0.008425 0.012820 0.006010 0.000000 0.024691 0.005102 0.008727 0.003100 0.006926 0.008812 0.022757 0.008551 0.000000 0.000000 0.000000 0.028472 0.006456 0.022297 0.000000 0.019368 0.000000 0.006652 0.000000 0.006863 0.000000 0.004303 0.005208 0.006075 0.000000 0.000000 0.000000 0.017700 0.000000
0.001479 0.001851 0.000000 0.005669 0.006933 0.000000 0.009821 0.007317 0.000000 0.015097 0.000000 0.006658 0.000000 0.008573 0.004814 0.013723 0.000000 0.000000 0.000000 0.009490 0.028786 0.000000 0.009634 0.000000 0.000000 0.000000 0.006585 0.000000 0.009946 0.005668 0.000000 0.003094 0.000000 0.000000 0.000000 0.000000 0.000000 0.000000 0.008491 0.000000 0.018257 0.000000 0.000000 0.000000 0.000000 0.000000 0.000000 0.000000 0.000000 0.000000 0.011300 0.000000 0.008258 0.019606 0.000000 0.012761 0.000000 0.000000 0.000000 0.000000 0.000000 0.000000 0.000000 0.000000 0.000000 0.000000 0.000000 0.008366 0.007621 0.000000 0.000000 0.000000 0.000000 0.000000 0.013682 0.014852 0.000000 0.000000 0.000000 0.000000
0.006470 0.003834 0.031024 0.009625 0.000000 0.006736 0.011590 0.000000 0.005848 0.015063 0.002518 0.033823 0.000000 0.013135 0.004985 0.000000 0.009085 0.011464 0.009871 0.019691 0.008591 0.007747 0.004196 0.000000 0.000000 0.009470 0.022528 0.010703 0.069960 0.000000 0.008766 0.016156 0.010557 0.005959 0.000000 0.000000 0.000000 0.000000 0.000000 0.000000 0.004067 0.011592 0.008837 0.000000 0.005978 0.001420 0.003939 0.012425 0.000000 0.007786 0.000000 0.000000 0.003037 0.011167 0.010861 0.005679 0.017023 0.016075 0.000000 0.011633 0.000000 0.007418 0.005578 0.000000 0.013837 0.024500 0.027016 0.004449 0.034715 0.000000 0.005944 0.015055 0.003564 0.000000 0.000000 0.000000 0.019219 0.000000 0.003841 0.016358
0.009670 0.004656 0.002578 0.005548 0.009809 0.006846 0.005432 0.000000 0.000000 0.002611 0.012157 0.001718 0.002941 0.000000 0.020185 0.009116 0.000000 0.000744 0.011371 0.000000 0.000000 0.000000 0.074131 0.000000 0.029829 0.000000 0.000000 0.022056 0.000000 0.007616 0.000000 0.024033 0.000000 0.000000 0.010586 0.000000 0.008491 0.000000 0.000000 0.000000 0.014436 0.007635 0.011934 0.005697 0.000000 0.018564 0.000000 0.008756 0.012310 0.000000 0.026626 0.000000 0.000000 0.011615 0.007578 0.001053 0.000000 0.000000 0.013008 0.006664 0.000000 0.000000 0.000000 0.000000 0.000000 0.000000 0.007164 0.020874 0.018891 0.014781 0.018167 0.009697 0.008983 0.007876 0.000000 0.000000 0.014115 0.000000 0.000000 0.012221
0.015353 0.004140 0.017757 0.010194 0.013106 0.006300 0.015484 0.006403 0.011022 0.001546 0.005373 0.044262 0.005718 0.012281 0.009451 0.000000 0.006690 0.062774 0.005239 0.000000 0.013983 0.000000 0.004440 0.000000 0.028294 0.009484 0.007479 0.002262 0.000000 0.011295 0.007456 0.000000 0.011648 0.018380 0.018770 0.007225 0.000000 0.000000 0.000000 0.000000 0.000000 0.000000 0.040735 0.000000 0.009151 0.000000 0.017743 0.012559 0.000000 0.000000 0.000000 0.004209 0.000000 0.010113 0.003192 0.006585 0.002769 0.000000 0.013882 0.000000 0.000000 0.011527 0.000000 0.002894 0.003376 0.000000 0.000000 0.000000 0.000000 0.003230 0.014183 0.000000 0.031885 0.000000 0.000000 0.000000 0.000000 0.000000 0.007350 0.000000
0.001613 0.001978 0.000000 0.075775 0.001717 0.000000 0.001986 0.000000 0.016992 0.029952 0.006623 0.004244 0.000000 0.000000 0.000000 0.009017 0.000000 0.000000 0.003555 0.000000 0.008385 0.000000 0.000000 0.000000 0.000000 0.000000 0.005280 0.000000 0.000000 0.000000 0.000000 0.012664 0.015255 0.004013 0.000000 0.008617 0.018257 0.004067 0.014436 0.000000 0.000000 0.019020 0.009170 0.000000 0.000000 0.000000 0.000000 0.000000 0.000000 0.007371 0.003520 0.005934 0.000000 0.000000 0.000000 0.000000 0.012785 0.000000 0.000000 0.025406 0.008319 0.000000 0.023571 0.000000 0.000000 0.000000 0.025842 0.014386 0.000000 0.004286 0.010356 0.000000 0.000000 0.028883 0.009769 0.014779 0.000000 0.005662 0.000000 0.000000
0.002020 0.000000 0.000000 0.010506 0.001537 0.013569 0.004192 0.000000 0.000000 0.022646 0.008391 0.000000 0.003842 0.005441 0.000000 0.000000 0.006295 0.000000 0.000000 0.030275 0.000000 0.000000 0.000000 0.000000 0.000000 0.007903 0.000000 0.000000 0.002139 0.020736 0.000000 0.000000 0.000000 0.000000 0.000000 0.000000 0.000000 0.011592 0.007635 0.000000 0.019020 0.000000 0.011860 0.000000 0.000000 0.000000 0.026000 0.000000 0.018898 0.027903 0.000000 0.008190 0.023242 0.000000 0.000000 0.000000 0.032319 0.004863 0.000000 0.000000 0.023391 0.000000 0.000000 0.000000 0.007081 0.009531 0.024034 0.000000 0.009075 0.000000 0.014058 0.000000 0.000000 0.000000 0.000000 0.000000 0.014054 0.011952 0.000000 0.000000
0.005502 0.005148 0.019963 0.010124 0.003977 0.002568 0.022082 0.012026 0.000000 0.000000 0.034561 0.011801 0.000000 0.009542 0.008627 0.000000 0.000000 0.012061 0.005365 0.022822 0.025150 0.000000 0.004547 0.000000 0.011028 0.000000 0.016588 0.005529 0.001785 0.002089 0.003715 0.003865 0.000000 0.006097 0.000000 0.000000 0.000000 0.008837 0.011934 0.040735 0.009170 0.011860 0.000000 0.004271 0.007674 0.009538 0.012570 0.000000 0.000000 0.006260 0.000000 0.013132 0.018124 0.009046 0.004981 0.006744 0.000000 0.000000 0.010619 0.000000 0.005225 0.009722 0.000000 0.009324 0.000000 0.013885 0.014617 0.000000 0.011328 0.005354 0.005611 0.005302 0.003647 0.000000 0.008214 0.000000 0.003653 0.016477 0.043033 0.022700
0.003332 0.024969 0.000000 0.000113 0.003893 0.000000 0.006693 0.005980 0.000000 0.000000 0.008103 0.005955 0.000000 0.000000 0.015223 0.004093 0.000000 0.000000 0.004712 0.000000 0.000000 0.000000 0.000000 0.006412 0.000000 0.000000 0.000000 0.000000 0.000000 0.000000 0.000000 0.000000 0.000000 0.000000 0.005465 0.000000 0.000000 0.000000 0.005697 0.000000 0.000000 0.000000 0.004271 0.000000 0.011416 0.000000 0.000000 0.000000 0.000000 0.000000 0.000000 0.000000 0.000000 0.000000 0.000000 0.000000 0.000000 0.000000 0.000000 0.000000 0.005078 0.000000 0.008916 0.000000 0.000000 0.000000 0.000000 0.001421 0.000000 0.000000 0.005453 0.000000 0.014382 0.000000 0.000000 0.000000 0.000000 0.015388 0.000000 0.022140
0.007922 0.002910 0.010581 0.020718 0.005363 0.000000 0.016914 0.008083 0.000000 0.005938 0.008183 0.008483 0.000000 0.018725 0.011122 0.000000 0.002717 0.000000 0.000000 0.003264 0.021514 0.000000 0.000000 0.008772 0.000000 0.007767 0.003038 0.026908 0.000915 0.011997 0.000000 0.000000 0.000000 0.011365 0.035122 0.003217 0.000000 0.005978 0.000000 0.009151 0.000000 0.000000 0.007674 0.011416 0.000000 0.007483 0.008101 0.004208 0.003682 0.000000 0.000000 0.004359 0.000000 0.018098 0.018954 0.000000 0.007910 0.001834 0.003382 0.007056 0.032780 0.004535 0.004076 0.000000 0.000000 0.000000 0.009861 0.009703 0.000000 0.000000 0.005070 0.011343 0.004639 0.005152 0.008768 0.000000 0.002375 0.005725 0.000748 0.012140
0.012672 0.014371 0.004690 0.007942 0.008566 0.000000 0.031429 0.008420 0.000000 0.016270 0.044872 0.003180 0.000000 0.023891 0.008013 0.032484 0.000000 0.000000 0.010439 0.004948 0.002490 0.000000 0.018234 0.002700 0.008468 0.000000 0.010741 0.049593 0.005115 0.012189 0.009081 0.019994 0.017023 0.000000 0.000000 0.000000 0.000000 0.001420 0.018564 0.000000 0.000000 0.000000 0.009538 0.000000 0.007483 0.000000 0.004728 0.014971 0.013148 0.028577 0.014548 0.000000 0.003227 0.009213 0.000000 0.006051 0.009515 0.000000 0.003474 0.000000 0.009981 0.005158 0.007866 0.000000 0.000000 0.001753 0.025466 0.000000 0.018695 0.000000 0.007282 0.043024 0.000000 0.011262 0.000000 0.007064 0.007586 0.012778 0.000000 0.000000
0.024383 0.008216 0.011078 0.014655 0.008283 0.010031 0.000000 0.004549 0.011886 0.005857 0.000000 0.000000 0.000000 0.000000 0.000000 0.006563 0.000000 0.039132 0.000000 0.000000 0.007120 0.004796 0.000000 0.004669 0.009444 0.011097 0.004838 0.000000 0.000723 0.019335 0.002193 0.000000 0.090592 0.004568 0.000000 0.003183 0.000000 0.003939 0.000000 0.017743 0.000000 0.026000 0.012570 0.000000 0.008101 0.004728 0.000000 0.010102 0.000000 0.001812 0.000000 0.012382 0.005929 0.038948 0.005423 0.000000 0.014791 0.000000 0.000000 0.000000 0.000000 0.004228 0.000000 0.004339 0.008188 0.001955 0.024947 0.000000 0.014580 0.000000 0.004452 0.000000 0.007946 0.004401 0.000000 0.000000 0.000000 0.015326 0.000000 0.000000
0.040168 0.000480 0.027093 0.018477 0.016869 0.000000 0.000000 0.000000 0.012632 0.011083 0.015169 0.000000 0.007379 0.010468 0.010212 0.004213 0.001343 0.032929 0.000000 0.000000 0.007307 0.000000 0.003794 0.000000 0.035343 0.014639 0.001502 0.015884 0.000000 0.004698 0.007961 0.017862 0.000000 0.008342 0.000000 0.008425 0.000000 0.012425 0.008756 0.012559 0.000000 0.000000 0.000000 0.000000 0.004208 0.014971 0.010102 0.000000 0.005999 0.009637 0.000000 0.007039 0.000000 0.014642 0.000000 0.017501 0.006372 0.000000 0.000000 0.000000 0.000000 0.000000 0.000000 0.000000 0.014388 0.000000 0.007003 0.000000 0.013098 0.003212 0.000000 0.000000 0.000000 0.016429 0.000000 0.000000 0.000000 0.000000 0.000000 0.000000
0.004731 0.014198 0.026387 0.019103 0.017906 0.007256 0.000000 0.000000 0.005643 0.006360 0.018162 0.000000 0.000000 0.018446 0.000000 0.000000 0.020046 0.019999 0.000000 0.007840 0.000000 0.000000 0.011035 0.014055 0.004485 0.000000 0.003224 0.017121 0.000000 0.005724 0.008311 0.000000 0.000000 0.000000 0.000000 0.012820 0.000000 0.000000 0.012310 0.000000 0.000000 0.018898 0.000000 0.000000 0.003682 0.013148 0.000000 0.005999 0.000000 0.016683 0.000000 0.000000 0.013707 0.000000 0.000000 0.000000 0.010295 0.014307 0.000000 0.000000 0.000000 0.000000 0.015315 0.009776 0.000000 0.000000 0.011437 0.000000 0.000000 0.022759 0.000000 0.000000 0.015941 0.011647 0.010588 0.000000 0.000000 0.000000 0.000000 0.000000
0.008875 0.004448 0.013339 0.019680 0.013309 0.017792 0.000000 0.000000 0.008743 0.048954 0.004335 0.010658 0.000000 0.016769 0.000000 0.045701 0.010437 0.000000 0.000000 0.010468 0.011302 0.013398 0.000000 0.000000 0.024478 0.018749 0.019264 0.013218 0.006488 0.008502 0.012460 0.054426 0.020470 0.007258 0.012582 0.006010 0.000000 0.007786 0.000000 0.000000 0.007371 0.027903 0.006260 0.000000 0.000000 0.028577 0.001812 0.009637 0.016683 0.000000 0.027937 0.005101 0.028054 0.007504 0.005570 0.002989 0.005826 0.002984 0.009939 0.000000 0.010274 0.001932 0.010712 0.007617 0.001922 0.015501 0.006365 0.002036 0.045720 0.044679 0.008182 0.010454 0.003448 0.015025 0.000000 0.012678 0.007293 0.000000 0.004017 0.004187
0.005028 0.007790 0.000000 0.016221 0.004571 0.000000 0.007225 0.000000 0.000000 0.007985 0.022914 0.005656 0.000000 0.000000 0.012023 0.015878 0.000000 0.000000 0.004077 0.000000 0.018219 0.000000 0.007311 0.000000 0.005237 0.000000 0.000000 0.013728 0.000000 0.004665 0.015939 0.000000 0.000000 0.000000 0.000000 0.000000 0.011300 0.000000 0.026626 0.000000 0.003520 0.000000 0.000000 0.000000 0.000000 0.014548 0.000000 0.000000 0.000000 0.027937 0.000000 0.000000 0.000000 0.003119 0.000000 0.000000 0.000000 0.000000 0.009026 0.039200 0.000000 0.000000 0.009280 0.000000 0.000000 0.000000 0.000000 0.003428 0.000000 0.020256 0.000000 0.006273 0.000000 0.016228 0.000000 0.003672 0.000000 0.000000 0.010051 0.000000
0.024110 0.004164 0.019432 0.020198 0.019721 0.009558 0.000000 0.000000 0.000000 0.005361 0.000000 0.000000 0.000000 0.014822 0.000000 0.010017 0.010970 0.039276 0.000000 0.011226 0.006110 0.000000 0.000000 0.011468 0.000000 0.019701 0.011932 0.000000 0.011767 0.005525 0.000000 0.015391 0.040211 0.021988 0.012075 0.024691 0.000000 0.000000 0.000000 0.004209 0.005934 0.008190 0.013132 0.000000 0.004359 0.000000 0.012382 0.007039 0.000000 0.005101 0.000000 0.000000 0.004783 0.017526 0.022576 0.002929 0.010301 0.011612 0.000000 0.000000 0.000000 0.000000 0.000000 0.002474 0.000000 0.000000 0.000000 0.000000 0.003714 0.022214 0.000000 0.000000 0.003378 0.002843 0.000000 0.000000 0.000000 0.034629 0.000000 0.000000
0.005791 0.001193 0.005190 0.001022 0.004288 0.000000 0.000000 0.000000 0.014675 0.019806 0.001954 0.004704 0.005344 0.010248 0.000000 0.003043 0.031833 0.000000 0.000000 0.032169 0.011830 0.000000 0.000000 0.001629 0.000000 0.001700 0.051990 0.008121 0.025349 0.011622 0.004733 0.009070 0.000000 0.000000 0.000000 0.005102 0.008258 0.003037 0.000000 0.000000 0.000000 0.023242 0.018124 0.000000 0.000000 0.003227 0.005929 0.000000 0.013707 0.028054 0.000000 0.004783 0.000000 0.000000 0.005532 0.002660 0.005786 0.039143 0.000000 0.000000 0.000000 0.010814 0.000000 0.009781 0.010780 0.065212 0.006322 0.002899 0.006001 0.014086 0.015744 0.002922 0.000000 0.007143 0.000000 0.000000 0.000000 0.000000 0.000000 0.012079
0.047833 0.000000 0.023400 0.009109 0.016245 0.010317 0.007158 0.002488 0.000000 0.009743 0.016234 0.000000 0.000000 0.003742 0.002148 0.000000 0.009941 0.030907 0.000000 0.021563 0.033799 0.004846 0.000000 0.012463 0.013154 0.040566 0.043085 0.038417 0.000000 0.023060 0.015508 0.018943 0.004235 0.005960 0.000000 0.008727 0.019606 0.011167 0.011615 0.010113 0.000000 0.000000 0.009046 0.000000 0.018098 0.009213 0.038948 0.014642 0.000000 0.007504 0.003119 0.017526 0.000000 0.000000 0.022001 0.036929 0.005362 0.000000 0.000000 0.022054 0.000000 0.000000 0.000000 0.013468 0.000000 0.000000 0.004766 0.003733 0.000000 0.037969 0.005970 0.000000 0.005620 0.009245 0.010961 0.003998 0.000000 0.019167 0.000000 0.032814
0.042499 0.001489 0.050902 0.007419 0.023157 0.002595 0.000000 0.000000 0.000000 0.000000 0.005533 0.005943 0.009427 0.006631 0.000000 0.000000 0.000000 0.048122 0.000000 0.000000 0.004377 0.000000 0.000000 0.005079 0.002891 0.031382 0.000000 0.016319 0.010346 0.006791 0.007937 0.027478 0.026761 0.011658 0.000000 0.003100 0.000000 0.010861 0.007578 0.003192 0.000000 0.000000 0.004981 0.000000 0.018954 0.000000 0.005423 0.000000 0.000000 0.005570 0.000000 0.022576 0.005532 0.022001 0.000000 0.011384 0.014957 0.006878 0.015552 0.018568 0.000000 0.005519 0.000000 0.000000 0.003944 0.000000 0.000000 0.000000 0.006164 0.012287 0.000000 0.016253 0.019381 0.000000 0.000000 0.000000 0.000000 0.007596 0.000000 0.000000
